StudID,SName,SOCon,Stream,SYOP,Degree_Percentage,10th_Percentage,12th_Percentage
1,Sneha Reddy,Delhi,Computer Science,2024,81,90,67
2,Priya Gupta,Ahmedabad,Computer Science,2023,75,93,66
3,Meera Iyer,Indore,Mechanical,2023,80,86,89
4,Tanya Jain,Lucknow,Mechanical,2024,87,79,84
5,Sneha Reddy,Hyderabad,Electronics,2023,69,94,89
6,Arjun Singh,Indore,Electronics,2023,72,73,82
7,Arjun Singh,Mumbai,IT,2024,64,79,77
8,Tanya Jain,Bangalore,Electronics,2024,73,70,82
9,Karan Verma,Mumbai,IT,2025,80,93,65
10,Sneha Reddy,Jaipur,Electrical,2024,63,75,79
11,Tanya Jain,Chennai,Mechanical,2023,71,88,73
12,Meera Iyer,Bangalore,Mechanical,2023,69,82,79
13,Rahul Mehta,Hyderabad,civil,2023,87,81,88
14,Tanya Jain,Bangalore,Electronics,2023,76,88,84
15,Rahul Mehta,Delhi,Information Tech,2023,78,87,83
16,Rahul Mehta,Bangalore,Mechanical,2023,90,88,87
17,Vishal Dubey,Bangalore,Computer Science,2025,62,82,73
18,Sneha Reddy,Ahmedabad,Information Tech,2025,60,74,67
19,Meera Iyer,Ahmedabad,Electronics,2023,71,81,71
20,Vishal Dubey,Lucknow,Information Tech,2024,68,88,68
21,Meera Iyer,Delhi,IT,2024,61,92,83
22,Priya Gupta,Delhi,Electronics,2023,75,73,86
23,Rahul Mehta,Chennai,Computer Science,2024,74,80,88
24,Tanya Jain,Lucknow,Computer Science,2025,80,74,70
25,Sneha Reddy,Hyderabad,Computer Science,2023,78,88,85
26,Karan Verma,Pune,Information Tech,2024,82,89,73
27,Rahul Mehta,Pune,Electrical,2025,89,78,78
28,Vishal Dubey,Ahmedabad,Electronics,2025,73,80,88
29,Vishal Dubey,Delhi,Electrical,2024,64,89,83
30,Arjun Singh,Bangalore,Civil,2024,78,88,69
31,Ravi Patel,Chennai,IT,2025,73,82,89
32,Arjun Singh,Hyderabad,Electronics,2025,64,82,77
33,Meera Iyer,Mumbai,Electronics,2023,81,74,74
34,Arjun Singh,Jaipur,IT,2025,88,81,83
35,Meera Iyer,Bangalore,IT,2025,87,90,77
36,Sneha Reddy,Jaipur,Mechanical,2024,77,70,88
37,Tanya Jain,Hyderabad,Electronics,2024,88,77,82
38,Sneha Reddy,Jaipur,Mechanical,2025,75,81,75
39,Sneha Reddy,Mumbai,Electronics,2024,76,83,66
40,Rahul Mehta,Jaipur,Mechanical,2025,66,94,74
41,Sneha Reddy,Delhi,Information Tech,2023,81,79,77
42,Vishal Dubey,Jaipur,Electrical,2023,79,91,73
43,Karan Verma,Jaipur,Electronics,2023,63,92,85
44,Sneha Reddy,Jaipur,IT,2023,74,76,68
45,Arjun Singh,Lucknow,Electrical,2023,82,70,72
46,Priya Gupta,Bangalore,Mechanical,2023,61,84,67
47,Priya Gupta,Delhi,Electrical,2025,81,87,89
48,Arjun Singh,Delhi,Mechanical,2023,72,81,78
49,Tanya Jain,Delhi,Computer Science,2024,82,91,70
50,Sneha Reddy,Indore,IT,2024,62,90,72
51,Ravi Patel,Hyderabad,Computer Science,2025,76,77,81
52,Ananya Sharma,Lucknow,Electronics,2025,73,90,82
53,Priya Gupta,Delhi,Mechanical,2023,85,91,87
54,Arjun Singh,Delhi,Computer Science,2024,60,88,68
55,Arjun Singh,Pune,Information Tech,2025,85,72,70
56,Ravi Patel,Indore,Civil,2025,85,85,82
57,Ananya Sharma,Bangalore,Electrical,2024,84,75,65
58,Ananya Sharma,Pune,Information Tech,2023,86,89,70
59,Meera Iyer,Chennai,Mechanical,2024,65,79,78
60,Rahul Mehta,Pune,Computer Science,2023,89,75,73
61,Karan Verma,Delhi,Information Tech,2023,73,92,71
62,Karan Verma,Hyderabad,Civil,2024,72,88,84
63,Ananya Sharma,Hyderabad,IT,2023,78,84,82
64,Ananya Sharma,Hyderabad,Electronics,2024,62,94,85
65,Arjun Singh,Delhi,Civil,2025,88,75,80
66,Tanya Jain,Delhi,Information Tech,2023,68,95,86
67,Karan Verma,Pune,Computer Science,2023,74,72,89
68,Priya Gupta,Jaipur,Civil,2024,62,83,85
69,Karan Verma,Ahmedabad,IT,2024,82,73,87
70,Priya Gupta,Bangalore,Computer Science,2024,84,74,74
71,Rahul Mehta,Delhi,Civil,2025,60,87,81
72,Ravi Patel,Chennai,Mechanical,2025,68,71,67
73,Priya Gupta,Jaipur,Information Tech,2024,84,81,67
74,Karan Verma,Bangalore,Mechanical,2024,67,77,75
75,Arjun Singh,Bangalore,Mechanical,2023,70,70,82
76,Ravi Patel,Lucknow,Electrical,2023,86,92,74
77,Ananya Sharma,Bangalore,IT,2024,71,88,88
78,Sneha Reddy,Lucknow,Electrical,2025,72,72,81
79,Ravi Patel,Bangalore,IT,2023,81,92,69
80,Karan Verma,Lucknow,Civil,2025,65,92,79
81,Sneha Reddy,Delhi,Civil,2025,86,78,80
82,Ravi Patel,Hyderabad,Civil,2023,83,73,81
83,Priya Gupta,Bangalore,IT,2023,79,83,69
84,Vishal Dubey,Ahmedabad,Electrical,2024,65,80,89
85,Ananya Sharma,Delhi,Electrical,2025,70,80,68
86,Ananya Sharma,Chennai,Electronics,2023,68,72,67
87,Karan Verma,Pune,Information Tech,2023,88,90,72
88,Priya Gupta,Hyderabad,Mechanical,2025,86,74,65
89,Karan Verma,Ahmedabad,Computer Science,2023,77,77,78
90,Sneha Reddy,Delhi,Mechanical,2025,73,82,83
91,Tanya Jain,Jaipur,Mechanical,2023,77,74,77
92,Rahul Mehta,Mumbai,Mechanical,2023,73,94,66
93,Rahul Mehta,Pune,Civil,2025,87,93,71
94,Sneha Reddy,Hyderabad,IT,2023,68,74,85
95,Meera Iyer,Delhi,IT,2024,76,92,86
96,Vishal Dubey,Hyderabad,Mechanical,2023,78,91,74
97,Sneha Reddy,Bangalore,Computer Science,2025,88,91,73
98,Sneha Reddy,Bangalore,Information Tech,2024,84,83,88
99,Priya Gupta,Lucknow,Mechanical,2025,82,77,90
100,Priya Gupta,Ahmedabad,Electrical,2025,78,83,82
101,Sneha Reddy,Hyderabad,Electronics,2024,64,91,83
102,Meera Iyer,Ahmedabad,Information Tech,2023,83,70,67
103,Meera Iyer,Hyderabad,Information Tech,2023,83,76,88
104,Sneha Reddy,Chennai,Electrical,2025,66,91,68
105,Arjun Singh,Hyderabad,Mechanical,2023,84,78,83
106,Karan Verma,Lucknow,Computer Science,2025,71,92,84
107,Sneha Reddy,Pune,Computer Science,2025,76,73,75
108,Tanya Jain,Jaipur,Civil,2024,74,75,90
109,Karan Verma,Delhi,Electronics,2025,61,92,84
110,Rahul Mehta,Jaipur,Mechanical,2024,88,80,71
111,Tanya Jain,Mumbai,Civil,2024,66,72,69
112,Tanya Jain,Pune,IT,2025,83,87,66
113,Arjun Singh,Bangalore,IT,2025,76,71,83
114,Karan Verma,Chennai,Computer Science,2025,65,70,68
115,Arjun Singh,Indore,IT,2024,73,94,79
116,Karan Verma,Lucknow,Information Tech,2025,72,90,73
117,Vishal Dubey,Bangalore,Information Tech,2024,65,88,68
118,Meera Iyer,Indore,Computer Science,2023,65,72,65
119,Karan Verma,Pune,Electronics,2023,76,86,70
120,Arjun Singh,Indore,Civil,2024,85,88,84
121,Rahul Mehta,Delhi,Mechanical,2024,82,91,83
122,Rahul Mehta,Hyderabad,Computer Science,2023,76,90,87
123,Vishal Dubey,Hyderabad,Mechanical,2024,63,88,86
124,Vishal Dubey,Ahmedabad,Computer Science,2024,82,73,74
125,Sneha Reddy,Mumbai,Electronics,2024,78,84,72
126,Rahul Mehta,Ahmedabad,Electrical,2024,68,72,68
127,Ravi Patel,Hyderabad,Electronics,2024,80,85,77
128,Ravi Patel,Delhi,Electrical,2024,85,77,88
129,Sneha Reddy,Hyderabad,Computer Science,2025,66,82,85
130,Ananya Sharma,Ahmedabad,Information Tech,2025,63,75,70
131,Ananya Sharma,Mumbai,Civil,2025,71,78,79
132,Tanya Jain,Jaipur,Information Tech,2025,82,82,71
133,Sneha Reddy,Delhi,Electronics,2024,85,92,71
134,Vishal Dubey,Ahmedabad,IT,2024,64,82,74
135,Priya Gupta,Ahmedabad,Mechanical,2024,88,74,76
136,Ananya Sharma,Ahmedabad,Computer Science,2025,82,91,72
137,Priya Gupta,Pune,Electronics,2025,69,71,71
138,Arjun Singh,Indore,IT,2024,84,87,77
139,Priya Gupta,Lucknow,Mechanical,2024,61,71,89
140,Ravi Patel,Delhi,Computer Science,2024,66,92,74
141,Rahul Mehta,Ahmedabad,Electronics,2024,78,90,73
142,Ananya Sharma,Ahmedabad,IT,2023,88,72,76
143,Arjun Singh,Chennai,Civil,2024,86,79,77
144,Vishal Dubey,Pune,Civil,2023,78,82,86
145,Ananya Sharma,Indore,Electronics,2025,69,73,85
146,Arjun Singh,Bangalore,Computer Science,2024,87,72,88
147,Karan Verma,Indore,Civil,2024,76,77,71
148,Ananya Sharma,Mumbai,Civil,2025,69,78,82
149,Ananya Sharma,Chennai,Mechanical,2023,88,83,69
150,Karan Verma,Bangalore,IT,2023,72,74,67
151,Rahul Mehta,Ahmedabad,Mechanical,2024,77,75,74
152,Ananya Sharma,Jaipur,IT,2023,63,88,70
153,Karan Verma,Hyderabad,Electronics,2025,83,78,88
154,Meera Iyer,Bangalore,Electronics,2023,85,76,81
155,Ananya Sharma,Chennai,Mechanical,2023,67,73,84
156,Rahul Mehta,Hyderabad,IT,2023,88,78,89
157,Meera Iyer,Lucknow,Electronics,2023,74,92,85
158,Meera Iyer,Pune,Electronics,2025,63,91,72
159,Ravi Patel,Chennai,Computer Science,2024,90,89,75
160,Sneha Reddy,Mumbai,IT,2023,69,90,83
161,Karan Verma,Indore,IT,2024,77,72,67
162,Priya Gupta,Mumbai,Electronics,2024,87,87,73
163,Meera Iyer,Delhi,Electronics,2024,85,87,90
164,Arjun Singh,Chennai,Information Tech,2025,69,71,88
165,Priya Gupta,Hyderabad,IT,2023,65,95,80
166,Ravi Patel,Hyderabad,Electronics,2024,85,79,70
167,Ravi Patel,Pune,Mechanical,2024,63,73,89
168,Tanya Jain,Indore,Electrical,2025,84,84,69
169,Karan Verma,Mumbai,Information Tech,2025,76,81,78
170,Arjun Singh,Pune,Electrical,2025,72,89,80
171,Ravi Patel,Pune,Information Tech,2024,77,84,82
172,Rahul Mehta,Ahmedabad,Mechanical,2024,87,77,82
173,Karan Verma,Delhi,Electronics,2025,82,92,85
174,Vishal Dubey,Delhi,Electronics,2025,75,93,86
175,Meera Iyer,Mumbai,Electrical,2023,85,82,75
176,Ananya Sharma,Mumbai,Civil,2024,76,94,66
177,Priya Gupta,Mumbai,Civil,2023,87,74,85
178,Ananya Sharma,Indore,Computer Science,2025,83,75,84
179,Ananya Sharma,Jaipur,Mechanical,2024,84,80,83
180,Rahul Mehta,Lucknow,Electrical,2023,81,76,78
181,Tanya Jain,Lucknow,Electronics,2024,90,91,72
182,Ananya Sharma,Indore,Computer Science,2024,74,78,79
183,Meera Iyer,Hyderabad,Computer Science,2025,62,73,86
184,Tanya Jain,Ahmedabad,Electrical,2025,70,92,70
185,Priya Gupta,Lucknow,Civil,2023,70,71,80
186,Rahul Mehta,Mumbai,Civil,2023,76,87,66
187,Tanya Jain,Delhi,Information Tech,2023,71,80,83
188,Meera Iyer,Hyderabad,Electronics,2025,77,72,88
189,Sneha Reddy,Indore,IT,2025,83,73,67
190,Priya Gupta,Jaipur,Information Tech,2023,66,82,81
191,Vishal Dubey,Pune,Mechanical,2025,81,94,76
192,Sneha Reddy,Jaipur,Civil,2024,63,83,86
193,Tanya Jain,Delhi,Electronics,2024,86,92,86
194,Sneha Reddy,Ahmedabad,Mechanical,2025,85,89,71
195,Karan Verma,Bangalore,Information Tech,2025,85,85,74
196,Karan Verma,Indore,Electronics,2023,67,92,85
197,Rahul Mehta,Indore,Electronics,2024,61,85,71
198,Tanya Jain,Chennai,IT,2024,79,79,83
199,Vishal Dubey,Mumbai,Electrical,2023,90,71,69
200,Ananya Sharma,Chennai,Electronics,2023,64,90,76
201,Ananya Sharma,Chennai,Electronics,2024,61,95,88
202,Priya Gupta,Lucknow,Information Tech,2025,83,89,87
203,Tanya Jain,Jaipur,Mechanical,2025,81,90,89
204,Karan Verma,Chennai,IT,2023,73,89,78
205,Meera Iyer,Bangalore,Electrical,2025,70,77,79
206,Karan Verma,Indore,Electrical,2023,75,89,74
207,Vishal Dubey,Ahmedabad,Information Tech,2023,79,84,73
208,Priya Gupta,Indore,Computer Science,2023,84,80,83
209,Arjun Singh,Bangalore,Information Tech,2023,83,71,80
210,Tanya Jain,Hyderabad,Information Tech,2024,77,78,85
211,Ananya Sharma,Chennai,Computer Science,2023,70,76,68
212,Priya Gupta,Pune,Information Tech,2024,61,93,70
213,Meera Iyer,Indore,Electrical,2025,83,94,76
214,Tanya Jain,Hyderabad,Mechanical,2024,69,90,76
215,Ananya Sharma,Bangalore,Mechanical,2024,85,76,81
216,Karan Verma,Ahmedabad,Civil,2025,69,80,78
217,Sneha Reddy,Lucknow,Computer Science,2025,62,91,84
218,Ravi Patel,Ahmedabad,Electronics,2025,74,93,90
219,Tanya Jain,Mumbai,Computer Science,2025,80,84,81
220,Meera Iyer,Indore,Electronics,2023,88,88,87
221,Priya Gupta,Hyderabad,Civil,2023,70,79,78
222,Priya Gupta,Bangalore,Computer Science,2025,89,89,86
223,Arjun Singh,Bangalore,Electrical,2023,64,76,72
224,Vishal Dubey,Indore,Civil,2025,67,95,90
225,Ananya Sharma,Pune,Electrical,2024,88,89,81
226,Ravi Patel,Jaipur,Electronics,2025,66,76,73
227,Karan Verma,Hyderabad,Mechanical,2023,75,74,78
228,Rahul Mehta,Pune,Civil,2024,67,84,82
229,Ananya Sharma,Indore,Information Tech,2024,65,70,70
230,Sneha Reddy,Bangalore,IT,2024,70,89,73
231,Priya Gupta,Mumbai,Mechanical,2025,71,93,66
232,Sneha Reddy,Pune,IT,2024,78,72,86
233,Priya Gupta,Jaipur,Information Tech,2025,78,92,86
234,Sneha Reddy,Bangalore,Mechanical,2023,61,94,73
235,Priya Gupta,Ahmedabad,Civil,2023,64,86,90
236,Arjun Singh,Chennai,Electrical,2025,86,90,89
237,Priya Gupta,Mumbai,Mechanical,2024,78,93,85
238,Ravi Patel,Ahmedabad,Civil,2025,74,76,68
239,Priya Gupta,Delhi,Electrical,2023,86,89,89
240,Rahul Mehta,Ahmedabad,Computer Science,2025,66,78,82
241,Ananya Sharma,Jaipur,Information Tech,2025,64,90,87
242,Priya Gupta,Lucknow,Electronics,2024,75,78,81
243,Vishal Dubey,Delhi,Electrical,2023,85,91,82
244,Ravi Patel,Delhi,Mechanical,2025,67,92,66
245,Ananya Sharma,Indore,Electronics,2025,82,90,81
246,Meera Iyer,Jaipur,Electrical,2025,69,73,85
247,Meera Iyer,Mumbai,Mechanical,2024,89,95,67
248,Sneha Reddy,Hyderabad,Computer Science,2024,69,79,85
249,Vishal Dubey,Delhi,Electrical,2024,90,76,78
250,Tanya Jain,Pune,Mechanical,2025,66,70,84
251,Karan Verma,Ahmedabad,IT,2024,65,88,82
252,Ananya Sharma,Lucknow,Mechanical,2025,80,93,79
253,Rahul Mehta,Hyderabad,IT,2024,76,71,71
254,Rahul Mehta,Indore,Computer Science,2025,65,82,82
255,Rahul Mehta,Chennai,Electrical,2025,71,85,81
256,Arjun Singh,Mumbai,Information Tech,2023,77,89,85
257,Tanya Jain,Hyderabad,Electronics,2024,67,78,81
258,Karan Verma,Hyderabad,Electronics,2025,68,81,86
259,Sneha Reddy,Hyderabad,IT,2024,66,90,90
260,Ananya Sharma,Jaipur,Electrical,2023,78,81,77
261,Ananya Sharma,Lucknow,Mechanical,2025,90,90,75
262,Priya Gupta,Delhi,Civil,2025,84,93,82
263,Priya Gupta,Delhi,IT,2024,82,78,66
264,Ananya Sharma,Pune,Electronics,2024,67,85,66
265,Ananya Sharma,Indore,Civil,2024,75,95,78
266,Arjun Singh,Lucknow,IT,2023,84,91,73
267,Tanya Jain,Mumbai,IT,2025,70,73,76
268,Arjun Singh,Pune,Electrical,2024,70,85,76
269,Karan Verma,Lucknow,Electronics,2024,60,70,74
270,Rahul Mehta,Jaipur,Civil,2024,86,86,67
271,Arjun Singh,Delhi,Computer Science,2023,70,90,81
272,Karan Verma,Delhi,Electronics,2025,88,87,79
273,Tanya Jain,Delhi,Information Tech,2025,81,84,80
274,Ananya Sharma,Hyderabad,Electrical,2024,66,89,86
275,Rahul Mehta,Ahmedabad,Mechanical,2024,82,94,86
276,Rahul Mehta,Indore,Electrical,2023,85,95,83
277,Rahul Mehta,Jaipur,Mechanical,2023,72,84,70
278,Sneha Reddy,Pune,IT,2023,67,75,74
279,Meera Iyer,Jaipur,IT,2025,65,92,80
280,Priya Gupta,Bangalore,Civil,2024,85,72,83
281,Ananya Sharma,Lucknow,Mechanical,2023,74,76,75
282,Meera Iyer,Bangalore,Electrical,2025,79,74,86
283,Vishal Dubey,Jaipur,IT,2023,85,87,88
284,Tanya Jain,Ahmedabad,Electrical,2023,82,74,88
285,Karan Verma,Mumbai,Electronics,2025,89,91,74
286,Ananya Sharma,Mumbai,Electrical,2024,89,89,90
287,Vishal Dubey,Lucknow,Electronics,2024,68,93,84
288,Sneha Reddy,Chennai,Civil,2023,70,70,80
289,Arjun Singh,Bangalore,Mechanical,2023,67,88,80
290,Priya Gupta,Bangalore,Information Tech,2025,82,89,90
291,Karan Verma,Pune,Civil,2025,78,88,77
292,Tanya Jain,Lucknow,Computer Science,2023,68,88,84
293,Ananya Sharma,Pune,Civil,2025,61,80,85
294,Ravi Patel,Bangalore,Electronics,2025,74,75,87
295,Priya Gupta,Jaipur,IT,2024,61,83,89
296,Karan Verma,Hyderabad,Civil,2023,62,79,74
297,Ananya Sharma,Hyderabad,Information Tech,2024,77,87,67
298,Vishal Dubey,Mumbai,Civil,2024,81,95,80
299,Ananya Sharma,Jaipur,Electrical,2024,82,71,83
300,Arjun Singh,Bangalore,Mechanical,2024,75,82,80
301,Sneha Reddy,Mumbai,Electronics,2025,65,86,72
302,Tanya Jain,Hyderabad,Civil,2024,83,73,86
303,Arjun Singh,Jaipur,Information Tech,2024,73,87,70
304,Karan Verma,Ahmedabad,Civil,2025,62,90,67
305,Rahul Mehta,Jaipur,Computer Science,2024,79,82,77
306,Arjun Singh,Pune,IT,2024,88,81,67
307,Meera Iyer,Lucknow,Information Tech,2025,72,83,68
308,Rahul Mehta,Jaipur,Information Tech,2025,64,76,89
309,Karan Verma,Delhi,Electrical,2025,74,78,89
310,Arjun Singh,Hyderabad,Computer Science,2024,72,82,80
311,Karan Verma,Mumbai,Electronics,2023,72,76,88
312,Sneha Reddy,Bangalore,Computer Science,2023,73,73,71
313,Meera Iyer,Lucknow,Information Tech,2023,83,88,78
314,Sneha Reddy,Jaipur,Electrical,2023,76,85,73
315,Ravi Patel,Bangalore,Electrical,2023,68,85,82
316,Ananya Sharma,Bangalore,Electrical,2025,62,92,71
317,Ananya Sharma,Pune,Mechanical,2024,73,91,81
318,Tanya Jain,Bangalore,IT,2023,70,82,71
319,Ravi Patel,Pune,Electronics,2024,68,73,78
320,Ananya Sharma,Lucknow,Electronics,2024,77,77,90
321,Sneha Reddy,Pune,Computer Science,2024,61,76,78
322,Ravi Patel,Pune,Civil,2023,73,82,73
323,Meera Iyer,Hyderabad,Electrical,2025,87,86,66
324,Meera Iyer,Chennai,Civil,2025,68,92,71
325,Rahul Mehta,Ahmedabad,Mechanical,2023,87,90,68
326,Meera Iyer,Chennai,Information Tech,2024,84,83,72
327,Arjun Singh,Mumbai,Electronics,2025,80,91,81
328,Karan Verma,Indore,IT,2024,86,79,89
329,Karan Verma,Indore,Electrical,2025,71,82,80
330,Ananya Sharma,Chennai,IT,2025,83,83,67
331,Rahul Mehta,Pune,Civil,2024,77,91,66
332,Priya Gupta,Mumbai,Electronics,2023,77,70,78
333,Tanya Jain,Jaipur,Mechanical,2025,87,83,86
334,Sneha Reddy,Lucknow,IT,2025,70,88,81
335,Vishal Dubey,Mumbai,Electronics,2025,70,78,80
336,Ravi Patel,Jaipur,Electronics,2025,62,91,74
337,Ananya Sharma,Jaipur,Civil,2025,66,71,73
338,Sneha Reddy,Chennai,Civil,2024,65,88,90
339,Priya Gupta,Indore,Electrical,2023,67,77,90
340,Meera Iyer,Bangalore,Civil,2025,80,75,76
341,Ravi Patel,Pune,Information Tech,2024,63,89,87
342,Karan Verma,Pune,Electrical,2025,65,70,78
343,Vishal Dubey,Indore,Electronics,2023,81,89,74
344,Tanya Jain,Bangalore,Information Tech,2023,82,72,84
345,Vishal Dubey,Lucknow,Electronics,2023,78,85,73
346,Sneha Reddy,Bangalore,Information Tech,2025,68,94,71
347,Meera Iyer,Ahmedabad,Civil,2024,78,82,72
348,Vishal Dubey,Bangalore,Electronics,2025,71,78,88
349,Arjun Singh,Bangalore,Electronics,2024,71,92,68
350,Ananya Sharma,Jaipur,IT,2025,88,76,89
351,Karan Verma,Delhi,Computer Science,2025,77,81,74
352,Rahul Mehta,Hyderabad,Information Tech,2023,85,79,73
353,Karan Verma,Hyderabad,Civil,2025,78,72,82
354,Ananya Sharma,Lucknow,Mechanical,2025,67,75,69
355,Rahul Mehta,Mumbai,Information Tech,2025,63,74,81
356,Sneha Reddy,Delhi,Mechanical,2023,71,74,89
357,Priya Gupta,Hyderabad,Information Tech,2025,74,75,74
358,Ananya Sharma,Lucknow,Computer Science,2024,68,70,80
359,Karan Verma,Mumbai,Mechanical,2023,61,79,66
360,Sneha Reddy,Bangalore,Civil,2024,66,77,74
361,Rahul Mehta,Delhi,Information Tech,2025,61,87,73
362,Meera Iyer,Mumbai,Electrical,2024,66,91,70
363,Ravi Patel,Indore,Electronics,2024,74,73,66
364,Tanya Jain,Ahmedabad,IT,2023,78,77,80
365,Rahul Mehta,Delhi,Civil,2023,78,87,71
366,Tanya Jain,Hyderabad,Civil,2023,71,89,77
367,Vishal Dubey,Lucknow,Information Tech,2023,67,71,79
368,Meera Iyer,Delhi,Computer Science,2025,85,71,66
369,Tanya Jain,Indore,Computer Science,2023,74,88,76
370,Rahul Mehta,Mumbai,Electrical,2024,88,87,82
371,Vishal Dubey,Lucknow,Computer Science,2024,62,90,85
372,Karan Verma,Jaipur,Civil,2023,80,82,67
373,Ananya Sharma,Jaipur,Electronics,2024,80,89,67
374,Arjun Singh,Lucknow,Computer Science,2025,68,83,83
375,Vishal Dubey,Pune,Computer Science,2023,71,70,72
376,Priya Gupta,Hyderabad,Information Tech,2025,76,84,71
377,Ananya Sharma,Jaipur,Information Tech,2024,81,77,87
378,Ananya Sharma,Indore,Civil,2024,70,90,80
379,Tanya Jain,Jaipur,Computer Science,2025,76,74,86
380,Ananya Sharma,Jaipur,Electrical,2023,74,74,78
381,Rahul Mehta,Pune,Mechanical,2025,62,73,80
382,Arjun Singh,Bangalore,Computer Science,2024,85,94,82
383,Tanya Jain,Lucknow,Civil,2024,62,75,83
384,Ravi Patel,Hyderabad,Information Tech,2025,88,76,84
385,Ravi Patel,Mumbai,Electronics,2025,70,76,77
386,Tanya Jain,Mumbai,Electronics,2024,64,81,74
387,Ananya Sharma,Jaipur,IT,2024,62,75,88
388,Ananya Sharma,Jaipur,Computer Science,2024,78,83,83
389,Ananya Sharma,Pune,Information Tech,2023,69,72,71
390,Priya Gupta,Lucknow,Computer Science,2024,85,79,72
391,Vishal Dubey,Hyderabad,Electronics,2024,72,71,74
392,Tanya Jain,Bangalore,Electronics,2025,75,93,75
393,Rahul Mehta,Delhi,Electrical,2023,73,93,71
394,Ananya Sharma,Hyderabad,Information Tech,2024,66,88,86
395,Karan Verma,Mumbai,Information Tech,2025,85,77,70
396,Meera Iyer,Chennai,Electronics,2025,61,82,74
397,Sneha Reddy,Bangalore,Electronics,2023,89,90,73
398,Ravi Patel,Mumbai,Information Tech,2024,73,91,87
399,Vishal Dubey,Jaipur,Information Tech,2024,78,81,69
400,Arjun Singh,Indore,Mechanical,2024,67,76,79
401,Rahul Mehta,Ahmedabad,IT,2025,75,82,72
402,Meera Iyer,Jaipur,Civil,2024,85,82,76
403,Sneha Reddy,Bangalore,Mechanical,2023,85,84,73
404,Tanya Jain,Chennai,Information Tech,2024,69,92,68
405,Rahul Mehta,Ahmedabad,Civil,2023,63,79,68
406,Rahul Mehta,Delhi,Electrical,2024,65,80,71
407,Sneha Reddy,Lucknow,IT,2025,86,76,81
408,Vishal Dubey,Indore,Computer Science,2023,77,86,70
409,Sneha Reddy,Mumbai,Civil,2025,68,88,89
410,Ananya Sharma,Chennai,Information Tech,2023,84,84,67
411,Ananya Sharma,Hyderabad,Electronics,2023,65,95,82
412,Priya Gupta,Mumbai,Information Tech,2024,65,74,74
413,Arjun Singh,Delhi,Information Tech,2023,60,71,89
414,Vishal Dubey,Mumbai,IT,2025,77,90,71
415,Priya Gupta,Bangalore,Electrical,2024,78,85,73
416,Ananya Sharma,Mumbai,Electronics,2024,68,72,81
417,Ravi Patel,Delhi,Civil,2024,73,88,71
418,Sneha Reddy,Lucknow,Civil,2023,89,90,85
419,Tanya Jain,Jaipur,Computer Science,2023,81,85,71
420,Priya Gupta,Chennai,IT,2023,84,90,74
421,Arjun Singh,Pune,Mechanical,2025,77,81,74
422,Rahul Mehta,Jaipur,Mechanical,2023,67,73,83
423,Ananya Sharma,Delhi,Information Tech,2023,71,71,87
424,Rahul Mehta,Ahmedabad,Computer Science,2024,70,94,88
425,Arjun Singh,Pune,IT,2023,87,89,86
426,Tanya Jain,Lucknow,Electrical,2025,66,94,84
427,Vishal Dubey,Mumbai,Information Tech,2025,68,79,73
428,Arjun Singh,Mumbai,Information Tech,2023,84,77,71
429,Ravi Patel,Ahmedabad,Computer Science,2023,73,82,74
430,Tanya Jain,Lucknow,Information Tech,2024,88,80,81
431,Arjun Singh,Jaipur,Mechanical,2023,62,85,84
432,Priya Gupta,Mumbai,Electrical,2024,63,77,90
433,Vishal Dubey,Bangalore,Civil,2023,70,90,65
434,Meera Iyer,Pune,Electronics,2024,72,81,74
435,Vishal Dubey,Delhi,Computer Science,2023,67,85,77
436,Tanya Jain,Jaipur,Electronics,2023,73,86,88
437,Priya Gupta,Hyderabad,Mechanical,2025,63,95,72
438,Karan Verma,Mumbai,IT,2025,66,94,86
439,Priya Gupta,Lucknow,Electrical,2025,83,88,68
440,Meera Iyer,Indore,Information Tech,2024,89,80,70
441,Ravi Patel,Ahmedabad,Information Tech,2023,69,80,86
442,Vishal Dubey,Pune,Computer Science,2023,78,70,70
443,Arjun Singh,Delhi,Electrical,2024,73,84,82
444,Priya Gupta,Bangalore,Civil,2024,81,88,87
445,Rahul Mehta,Ahmedabad,IT,2025,72,83,86
446,Ananya Sharma,Hyderabad,Information Tech,2023,76,75,74
447,Meera Iyer,Hyderabad,Information Tech,2024,60,80,69
448,Rahul Mehta,Jaipur,Electrical,2024,90,78,70
449,Rahul Mehta,Lucknow,Mechanical,2023,61,71,86
450,Vishal Dubey,Indore,Mechanical,2025,75,85,75
451,Arjun Singh,Mumbai,Electronics,2023,83,95,84
452,Vishal Dubey,Pune,IT,2025,60,75,71
453,Arjun Singh,Mumbai,Computer Science,2024,65,70,70
454,Sneha Reddy,Indore,Electrical,2024,68,82,72
455,Meera Iyer,Mumbai,Mechanical,2025,63,84,87
456,Priya Gupta,Bangalore,Electrical,2023,61,88,84
457,Rahul Mehta,Lucknow,Civil,2024,71,86,78
458,Vishal Dubey,Indore,Civil,2024,65,90,77
459,Meera Iyer,Ahmedabad,Electrical,2024,64,83,74
460,Karan Verma,Chennai,Electrical,2024,90,87,68
461,Meera Iyer,Hyderabad,Electronics,2023,72,82,73
462,Karan Verma,Lucknow,IT,2025,77,76,80
463,Ravi Patel,Hyderabad,Electronics,2024,79,93,72
464,Arjun Singh,Lucknow,IT,2023,69,70,67
465,Arjun Singh,Pune,IT,2023,61,87,73
466,Ravi Patel,Ahmedabad,Mechanical,2023,80,80,85
467,Karan Verma,Ahmedabad,Civil,2024,75,74,72
468,Rahul Mehta,Chennai,Electrical,2025,85,86,71
469,Vishal Dubey,Chennai,Computer Science,2025,80,81,77
470,Ravi Patel,Jaipur,Computer Science,2024,77,84,66
471,Vishal Dubey,Bangalore,Information Tech,2024,68,74,77
472,Tanya Jain,Bangalore,Electronics,2023,82,93,77
473,Vishal Dubey,Ahmedabad,Electronics,2023,63,91,88
474,Vishal Dubey,Chennai,Civil,2024,61,80,75
475,Meera Iyer,Chennai,Mechanical,2023,64,94,83
476,Priya Gupta,Pune,Computer Science,2024,73,94,66
477,Ravi Patel,Lucknow,Civil,2023,86,78,77
478,Ravi Patel,Bangalore,Civil,2024,75,84,78
479,Ananya Sharma,Jaipur,Information Tech,2025,79,88,76
480,Meera Iyer,Hyderabad,Electrical,2023,69,94,67
481,Meera Iyer,Mumbai,Civil,2024,85,80,74
482,Vishal Dubey,Indore,Electronics,2024,83,76,82
483,Vishal Dubey,Bangalore,Civil,2025,83,91,67
484,Sneha Reddy,Ahmedabad,Civil,2024,79,73,68
485,Sneha Reddy,Ahmedabad,Computer Science,2023,78,80,71
486,Karan Verma,Delhi,Civil,2024,71,92,87
487,Ravi Patel,Delhi,Computer Science,2025,90,79,77
488,Arjun Singh,Pune,IT,2024,63,79,72
489,Rahul Mehta,Chennai,Computer Science,2024,86,73,80
490,Sneha Reddy,Mumbai,IT,2025,64,82,88
491,Rahul Mehta,Lucknow,Computer Science,2025,79,70,85
492,Ananya Sharma,Ahmedabad,Computer Science,2025,80,89,78
493,Rahul Mehta,Ahmedabad,Civil,2025,70,77,89
494,Rahul Mehta,Ahmedabad,Civil,2025,62,76,71
495,Vishal Dubey,Chennai,IT,2024,70,75,89
496,Ravi Patel,Indore,IT,2024,87,76,76
497,Sneha Reddy,Hyderabad,Electrical,2023,81,77,72
498,Ravi Patel,Bangalore,Electrical,2023,86,73,82
499,Priya Gupta,Indore,Electronics,2024,77,77,81
500,Ananya Sharma,Mumbai,IT,2024,68,76,90
501,Tanya Jain,Mumbai,Computer Science,2024,86,79,69
502,Arjun Singh,Mumbai,Mechanical,2025,71,76,66
503,Ananya Sharma,Indore,Civil,2024,62,95,86
504,Arjun Singh,Delhi,Mechanical,2024,84,76,82
505,Karan Verma,Pune,Civil,2023,78,89,76
506,Sneha Reddy,Mumbai,Mechanical,2024,63,89,82
507,Karan Verma,Ahmedabad,Electronics,2025,78,91,80
508,Priya Gupta,Chennai,Mechanical,2024,65,80,70
509,Tanya Jain,Bangalore,Mechanical,2025,67,86,79
510,Rahul Mehta,Chennai,Electronics,2024,68,76,76
511,Rahul Mehta,Mumbai,Civil,2024,62,74,78
512,Vishal Dubey,Chennai,Electronics,2024,71,85,73
513,Ravi Patel,Mumbai,Information Tech,2023,67,92,76
514,Rahul Mehta,Pune,Computer Science,2025,67,79,81
515,Priya Gupta,Lucknow,Information Tech,2025,64,80,75
516,Tanya Jain,Indore,Electrical,2025,83,87,85
517,Tanya Jain,Lucknow,Information Tech,2023,76,92,74
518,Karan Verma,Indore,Civil,2023,67,75,88
519,Tanya Jain,Delhi,Computer Science,2024,63,84,78
520,Ananya Sharma,Delhi,IT,2024,88,83,81
521,Rahul Mehta,Jaipur,Computer Science,2025,84,92,89
522,Rahul Mehta,Chennai,Mechanical,2025,85,76,88
523,Meera Iyer,Mumbai,Information Tech,2024,79,81,82
524,Ravi Patel,Delhi,Electronics,2023,89,90,89
525,Ravi Patel,Hyderabad,Electronics,2025,88,76,90
526,Sneha Reddy,Hyderabad,Electrical,2025,78,90,72
527,Ravi Patel,Delhi,IT,2025,68,74,74
528,Karan Verma,Bangalore,Computer Science,2023,71,85,81
529,Priya Gupta,Ahmedabad,Electrical,2025,83,78,74
530,Rahul Mehta,Jaipur,Electronics,2023,62,81,88
531,Arjun Singh,Indore,Civil,2023,79,87,78
532,Priya Gupta,Hyderabad,Electrical,2023,90,76,71
533,Rahul Mehta,Pune,Computer Science,2025,78,89,81
534,Ananya Sharma,Pune,Civil,2023,62,71,71
535,Karan Verma,Chennai,Electronics,2023,84,80,77
536,Ananya Sharma,Ahmedabad,Mechanical,2023,74,95,68
537,Ravi Patel,Hyderabad,IT,2024,65,80,76
538,Karan Verma,Bangalore,Electrical,2023,73,93,85
539,Karan Verma,Delhi,Electronics,2023,66,86,79
540,Karan Verma,Mumbai,Civil,2025,75,80,79
541,Sneha Reddy,Chennai,IT,2023,79,88,85
542,Tanya Jain,Bangalore,Civil,2025,72,76,80
543,Karan Verma,Ahmedabad,Civil,2023,74,91,72
544,Sneha Reddy,Lucknow,Mechanical,2023,64,82,88
545,Rahul Mehta,Lucknow,Information Tech,2024,87,89,86
546,Vishal Dubey,Chennai,Civil,2025,61,85,83
547,Karan Verma,Pune,Mechanical,2025,84,73,82
548,Priya Gupta,Hyderabad,Mechanical,2024,65,91,70
549,Ravi Patel,Mumbai,Electrical,2025,89,89,66
550,Ravi Patel,Hyderabad,Civil,2025,62,88,84
551,Arjun Singh,Hyderabad,Information Tech,2025,75,92,77
552,Vishal Dubey,Mumbai,IT,2024,90,93,87
553,Ananya Sharma,Bangalore,Computer Science,2025,62,72,89
554,Rahul Mehta,Indore,IT,2024,80,88,78
555,Sneha Reddy,Indore,Civil,2023,86,71,89
556,Meera Iyer,Bangalore,Computer Science,2024,88,82,68
557,Arjun Singh,Lucknow,Information Tech,2024,72,93,86
558,Karan Verma,Mumbai,Information Tech,2025,90,90,85
559,Rahul Mehta,Pune,Electronics,2024,67,71,66
560,Karan Verma,Chennai,IT,2025,71,75,83
561,Priya Gupta,Jaipur,Electronics,2023,69,81,75
562,Sneha Reddy,Pune,Civil,2023,83,79,81
563,Arjun Singh,Jaipur,Electronics,2024,88,77,71
564,Karan Verma,Mumbai,Information Tech,2023,88,81,80
565,Arjun Singh,Pune,Civil,2024,79,92,76
566,Rahul Mehta,Hyderabad,Information Tech,2024,87,94,84
567,Arjun Singh,Ahmedabad,Mechanical,2023,71,77,82
568,Tanya Jain,Mumbai,Computer Science,2024,83,86,88
569,Ravi Patel,Hyderabad,IT,2025,75,79,77
570,Karan Verma,Mumbai,Electronics,2024,65,71,68
571,Tanya Jain,Pune,Information Tech,2025,78,80,76
572,Rahul Mehta,Jaipur,Computer Science,2023,89,88,84
573,Priya Gupta,Pune,Computer Science,2024,71,72,72
574,Vishal Dubey,Ahmedabad,IT,2025,89,94,83
575,Tanya Jain,Ahmedabad,Computer Science,2023,60,80,85
576,Priya Gupta,Jaipur,Electrical,2025,62,93,83
577,Vishal Dubey,Delhi,Computer Science,2024,69,76,68
578,Tanya Jain,Delhi,Mechanical,2024,61,92,85
579,Arjun Singh,Delhi,Electronics,2025,76,71,76
580,Ravi Patel,Pune,IT,2023,64,92,71
581,Vishal Dubey,Indore,Information Tech,2023,60,88,66
582,Ravi Patel,Chennai,IT,2025,66,72,73
583,Karan Verma,Lucknow,Information Tech,2025,86,93,68
584,Vishal Dubey,Delhi,Computer Science,2023,62,83,86
585,Meera Iyer,Pune,Electrical,2025,87,83,89
586,Ravi Patel,Chennai,Mechanical,2025,78,89,66
587,Ananya Sharma,Indore,Computer Science,2025,80,94,84
588,Tanya Jain,Bangalore,Electronics,2024,72,87,78
589,Ananya Sharma,Chennai,Electrical,2025,81,88,72
590,Ananya Sharma,Mumbai,Electronics,2024,87,94,80
591,Rahul Mehta,Chennai,Civil,2025,73,74,90
592,Arjun Singh,Indore,Computer Science,2023,65,75,80
593,Priya Gupta,Mumbai,Electrical,2024,67,83,72
594,Vishal Dubey,Bangalore,Electrical,2023,80,82,75
595,Tanya Jain,Indore,Information Tech,2024,80,91,66
596,Vishal Dubey,Chennai,Civil,2025,84,89,80
597,Priya Gupta,Pune,Electronics,2024,67,86,76
598,Meera Iyer,Hyderabad,Mechanical,2023,70,79,73
599,Priya Gupta,Bangalore,Electronics,2023,70,74,78
600,Rahul Mehta,Chennai,Electronics,2025,77,85,80
601,Tanya Jain,Delhi,Information Tech,2024,77,72,77
602,Meera Iyer,Ahmedabad,Electrical,2024,88,77,88
603,Priya Gupta,Ahmedabad,IT,2024,78,78,89
604,Karan Verma,Lucknow,IT,2024,61,78,76
605,Priya Gupta,Indore,Electrical,2025,63,74,90
606,Karan Verma,Indore,Electrical,2024,77,79,65
607,Ananya Sharma,Hyderabad,Civil,2023,67,71,73
608,Sneha Reddy,Lucknow,Civil,2025,60,74,88
609,Ravi Patel,Mumbai,Mechanical,2025,75,93,71
610,Sneha Reddy,Chennai,Information Tech,2023,71,87,75
611,Vishal Dubey,Jaipur,Mechanical,2025,77,80,80
612,Ravi Patel,Bangalore,Computer Science,2025,63,75,82
613,Meera Iyer,Bangalore,Mechanical,2024,77,87,71
614,Rahul Mehta,Ahmedabad,Electrical,2025,84,93,81
615,Ananya Sharma,Lucknow,IT,2023,82,87,84
616,Tanya Jain,Pune,IT,2024,87,81,73
617,Ravi Patel,Lucknow,IT,2024,88,80,87
618,Priya Gupta,Indore,IT,2024,66,86,73
619,Ananya Sharma,Pune,Mechanical,2025,67,75,77
620,Arjun Singh,Bangalore,Electrical,2024,84,87,82
621,Meera Iyer,Lucknow,Information Tech,2025,73,94,82
622,Ravi Patel,Hyderabad,IT,2024,80,78,71
623,Ravi Patel,Pune,IT,2024,90,80,70
624,Sneha Reddy,Delhi,Electronics,2025,61,80,75
625,Arjun Singh,Lucknow,Civil,2024,77,90,90
626,Ravi Patel,Delhi,Electronics,2024,72,93,70
627,Meera Iyer,Pune,Civil,2024,77,85,80
628,Meera Iyer,Lucknow,IT,2023,87,74,69
629,Sneha Reddy,Delhi,Information Tech,2025,64,73,69
630,Rahul Mehta,Chennai,Computer Science,2024,80,86,74
631,Arjun Singh,Lucknow,Civil,2023,70,94,78
632,Ravi Patel,Jaipur,Information Tech,2023,81,93,70
633,Rahul Mehta,Hyderabad,Mechanical,2024,82,71,77
634,Ravi Patel,Bangalore,Information Tech,2024,62,77,76
635,Vishal Dubey,Indore,Mechanical,2024,75,94,80
636,Rahul Mehta,Hyderabad,Electrical,2025,85,87,90
637,Vishal Dubey,Indore,Electronics,2025,84,73,82
638,Arjun Singh,Ahmedabad,IT,2023,78,72,83
639,Meera Iyer,Mumbai,Computer Science,2023,68,70,90
640,Karan Verma,Lucknow,Electronics,2023,68,90,79
641,Priya Gupta,Pune,Electrical,2024,87,81,72
642,Priya Gupta,Jaipur,Mechanical,2025,67,73,84
643,Rahul Mehta,Hyderabad,Electronics,2025,77,76,77
644,Karan Verma,Indore,Mechanical,2025,67,74,85
645,Ananya Sharma,Mumbai,Mechanical,2023,65,76,82
646,Meera Iyer,Pune,Mechanical,2025,63,92,89
647,Tanya Jain,Mumbai,Electrical,2024,65,84,81
648,Ravi Patel,Hyderabad,Information Tech,2023,80,94,85
649,Rahul Mehta,Hyderabad,Electrical,2023,88,92,84
650,Sneha Reddy,Chennai,Computer Science,2024,70,79,77
651,Ananya Sharma,Pune,Information Tech,2024,80,70,80
652,Arjun Singh,Pune,Electrical,2024,66,88,71
653,Sneha Reddy,Pune,Electrical,2023,73,90,70
654,Rahul Mehta,Delhi,Mechanical,2023,74,92,81
655,Meera Iyer,Chennai,Electronics,2024,72,73,68
656,Karan Verma,Bangalore,Electronics,2023,65,86,75
657,Karan Verma,Delhi,IT,2024,83,84,74
658,Ravi Patel,Mumbai,Mechanical,2023,72,81,81
659,Ananya Sharma,Jaipur,Computer Science,2023,71,71,84
660,Tanya Jain,Ahmedabad,Mechanical,2025,73,91,84
661,Vishal Dubey,Jaipur,Information Tech,2023,85,78,65
662,Ananya Sharma,Mumbai,Civil,2024,65,93,70
663,Ravi Patel,Indore,Electrical,2024,80,70,76
664,Ananya Sharma,Indore,IT,2025,87,70,71
665,Karan Verma,Jaipur,Computer Science,2023,70,82,73
666,Ravi Patel,Chennai,Mechanical,2024,76,94,70
667,Tanya Jain,Chennai,Electronics,2023,81,94,86
668,Vishal Dubey,Bangalore,IT,2024,74,71,76
669,Rahul Mehta,Indore,Information Tech,2023,76,92,90
670,Karan Verma,Pune,Civil,2023,65,77,72
671,Tanya Jain,Mumbai,Civil,2024,70,83,68
672,Tanya Jain,Bangalore,Civil,2024,85,88,77
673,Rahul Mehta,Pune,Computer Science,2023,87,74,73
674,Sneha Reddy,Chennai,Electronics,2025,84,74,86
675,Rahul Mehta,Lucknow,Electrical,2024,63,84,79
676,Vishal Dubey,Indore,Mechanical,2024,76,84,78
677,Ananya Sharma,Mumbai,Electronics,2025,74,91,69
678,Tanya Jain,Ahmedabad,Computer Science,2024,88,92,88
679,Ananya Sharma,Mumbai,Electronics,2025,86,83,68
680,Karan Verma,Hyderabad,Electronics,2023,64,88,78
681,Rahul Mehta,Chennai,Information Tech,2023,80,84,84
682,Priya Gupta,Hyderabad,Electrical,2025,80,79,87
683,Ravi Patel,Ahmedabad,Civil,2023,61,91,87
684,Ravi Patel,Hyderabad,Information Tech,2025,81,79,90
685,Ravi Patel,Pune,Computer Science,2024,86,94,88
686,Vishal Dubey,Delhi,Mechanical,2023,80,70,66
687,Meera Iyer,Hyderabad,Mechanical,2025,82,84,75
688,Tanya Jain,Delhi,Civil,2023,71,82,67
689,Arjun Singh,Pune,Civil,2023,83,92,84
690,Meera Iyer,Chennai,Information Tech,2025,67,76,82
691,Arjun Singh,Bangalore,Electronics,2024,68,76,69
692,Vishal Dubey,Delhi,IT,2024,60,83,73
693,Vishal Dubey,Bangalore,Electronics,2024,63,93,84
694,Karan Verma,Delhi,Electronics,2024,70,85,69
695,Sneha Reddy,Hyderabad,Civil,2024,76,81,82
696,Tanya Jain,Delhi,Electronics,2023,71,90,83
697,Ravi Patel,Delhi,Information Tech,2025,66,81,76
698,Rahul Mehta,Mumbai,Mechanical,2025,62,86,74
699,Sneha Reddy,Bangalore,Civil,2024,74,71,88
700,Karan Verma,Indore,Electronics,2024,81,74,69
701,Vishal Dubey,Bangalore,IT,2023,74,79,65
702,Vishal Dubey,Bangalore,Electrical,2023,79,88,82
703,Ravi Patel,Jaipur,Electrical,2023,71,91,68
704,Tanya Jain,Lucknow,Computer Science,2023,73,86,82
705,Ananya Sharma,Delhi,Computer Science,2025,74,76,73
706,Rahul Mehta,Jaipur,Electrical,2025,74,71,78
707,Ravi Patel,Chennai,Electrical,2024,63,83,77
708,Priya Gupta,Bangalore,Electronics,2025,86,83,88
709,Vishal Dubey,Pune,Mechanical,2024,82,88,89
710,Sneha Reddy,Delhi,Electronics,2025,81,77,77
711,Arjun Singh,Mumbai,Mechanical,2024,89,92,86
712,Rahul Mehta,Lucknow,Computer Science,2024,62,86,78
713,Sneha Reddy,Delhi,Electronics,2024,77,91,90
714,Rahul Mehta,Bangalore,IT,2025,66,89,84
715,Rahul Mehta,Ahmedabad,IT,2025,62,70,82
716,Tanya Jain,Jaipur,Mechanical,2023,66,87,79
717,Rahul Mehta,Indore,IT,2023,83,84,82
718,Sneha Reddy,Chennai,IT,2023,90,81,78
719,Vishal Dubey,Mumbai,Civil,2024,79,79,68
720,Rahul Mehta,Pune,IT,2023,62,76,69
721,Karan Verma,Chennai,Civil,2024,84,87,76
722,Ravi Patel,Chennai,Civil,2023,67,78,72
723,Sneha Reddy,Ahmedabad,IT,2023,78,90,73
724,Ananya Sharma,Jaipur,Civil,2024,71,84,71
725,Ravi Patel,Bangalore,Electronics,2024,67,90,84
726,Meera Iyer,Delhi,Information Tech,2023,85,81,74
727,Priya Gupta,Delhi,Electronics,2024,84,78,82
728,Vishal Dubey,Bangalore,Information Tech,2024,81,86,88
729,Meera Iyer,Pune,Electronics,2024,69,93,70
730,Rahul Mehta,Pune,IT,2023,73,77,80
731,Ravi Patel,Jaipur,IT,2024,65,75,88
732,Arjun Singh,Chennai,Information Tech,2024,64,84,77
733,Rahul Mehta,Mumbai,Mechanical,2025,82,80,67
734,Meera Iyer,Pune,Information Tech,2023,61,75,83
735,Vishal Dubey,Indore,IT,2023,80,73,76
736,Ravi Patel,Hyderabad,Electronics,2024,86,81,66
737,Rahul Mehta,Mumbai,Computer Science,2024,85,90,79
738,Vishal Dubey,Mumbai,Civil,2023,80,86,74
739,Vishal Dubey,Jaipur,Electronics,2025,73,92,75
740,Priya Gupta,Ahmedabad,Information Tech,2024,77,74,79
741,Arjun Singh,Indore,Electrical,2024,72,79,82
742,Ananya Sharma,Ahmedabad,Mechanical,2023,71,77,90
743,Meera Iyer,Delhi,Computer Science,2025,78,79,88
744,Arjun Singh,Indore,Civil,2023,80,84,84
745,Rahul Mehta,Mumbai,Civil,2023,78,91,84
746,Arjun Singh,Mumbai,Electronics,2024,89,78,79
747,Ananya Sharma,Mumbai,Computer Science,2025,90,76,77
748,Priya Gupta,Chennai,Civil,2025,72,83,88
749,Sneha Reddy,Mumbai,Mechanical,2023,60,84,80
750,Ravi Patel,Ahmedabad,Electronics,2025,61,84,80
751,Ravi Patel,Jaipur,Mechanical,2024,85,76,82
752,Meera Iyer,Hyderabad,Electrical,2024,85,84,73
753,Ravi Patel,Chennai,Information Tech,2025,64,79,85
754,Priya Gupta,Jaipur,Electronics,2024,65,72,74
755,Tanya Jain,Bangalore,Information Tech,2025,74,79,79
756,Priya Gupta,Ahmedabad,Mechanical,2023,70,89,68
757,Vishal Dubey,Lucknow,Information Tech,2023,90,78,69
758,Vishal Dubey,Bangalore,Civil,2024,66,73,67
759,Tanya Jain,Mumbai,Computer Science,2023,72,92,67
760,Tanya Jain,Chennai,Mechanical,2024,64,83,85
761,Ravi Patel,Jaipur,Computer Science,2023,64,91,69
762,Vishal Dubey,Chennai,Electrical,2023,78,92,75
763,Vishal Dubey,Jaipur,Civil,2024,89,84,77
764,Tanya Jain,Lucknow,Information Tech,2024,69,76,77
765,Vishal Dubey,Ahmedabad,Computer Science,2025,77,78,87
766,Meera Iyer,Chennai,Civil,2024,66,85,72
767,Priya Gupta,Delhi,Computer Science,2025,71,74,70
768,Meera Iyer,Delhi,Computer Science,2023,79,76,68
769,Sneha Reddy,Mumbai,Computer Science,2024,64,73,86
770,Meera Iyer,Jaipur,IT,2023,88,86,74
771,Tanya Jain,Jaipur,Electrical,2023,73,77,88
772,Rahul Mehta,Ahmedabad,IT,2024,70,89,86
773,Priya Gupta,Ahmedabad,Electrical,2025,84,72,70
774,Arjun Singh,Chennai,Computer Science,2024,82,81,85
775,Vishal Dubey,Pune,Civil,2025,78,94,77
776,Ananya Sharma,Indore,Information Tech,2025,63,79,83
777,Priya Gupta,Ahmedabad,Mechanical,2023,82,82,89
778,Arjun Singh,Ahmedabad,Civil,2023,87,88,75
779,Meera Iyer,Jaipur,IT,2025,68,93,77
780,Priya Gupta,Jaipur,IT,2025,78,77,78
781,Rahul Mehta,Mumbai,Electrical,2025,88,73,81
782,Tanya Jain,Hyderabad,Mechanical,2023,76,89,81
783,Rahul Mehta,Delhi,Information Tech,2023,70,89,82
784,Meera Iyer,Lucknow,Mechanical,2025,75,78,71
785,Tanya Jain,Hyderabad,Electrical,2024,67,94,71
786,Rahul Mehta,Chennai,Electronics,2025,67,87,80
787,Tanya Jain,Lucknow,Computer Science,2023,81,84,77
788,Tanya Jain,Pune,Electronics,2025,64,72,87
789,Ravi Patel,Delhi,Electrical,2023,70,85,75
790,Priya Gupta,Lucknow,Electronics,2025,83,86,89
791,Tanya Jain,Chennai,Electronics,2023,90,82,90
792,Rahul Mehta,Lucknow,Electronics,2025,71,84,81
793,Rahul Mehta,Mumbai,IT,2023,81,94,77
794,Ravi Patel,Hyderabad,Computer Science,2024,79,73,90
795,Tanya Jain,Jaipur,Computer Science,2023,85,74,73
796,Arjun Singh,Pune,Computer Science,2024,88,85,84
797,Arjun Singh,Jaipur,Mechanical,2023,87,74,73
798,Sneha Reddy,Bangalore,Mechanical,2025,73,86,86
799,Ravi Patel,Jaipur,Electronics,2025,76,79,82
800,Tanya Jain,Jaipur,Mechanical,2023,87,70,85
801,Vishal Dubey,Jaipur,Information Tech,2025,68,82,89
802,Ravi Patel,Pune,Computer Science,2023,62,90,82
803,Vishal Dubey,Jaipur,Computer Science,2024,62,81,80
804,Karan Verma,Lucknow,Electrical,2025,76,73,88
805,Sneha Reddy,Indore,IT,2025,79,86,69
806,Priya Gupta,Hyderabad,Mechanical,2024,80,71,89
807,Arjun Singh,Jaipur,Mechanical,2023,79,85,68
808,Sneha Reddy,Delhi,IT,2023,69,75,71
809,Vishal Dubey,Indore,IT,2023,77,91,83
810,Sneha Reddy,Mumbai,Information Tech,2025,89,81,67
811,Meera Iyer,Delhi,Mechanical,2024,85,72,82
812,Meera Iyer,Ahmedabad,Computer Science,2023,61,92,73
813,Meera Iyer,Pune,Civil,2025,71,92,81
814,Ananya Sharma,Chennai,Information Tech,2024,79,82,86
815,Karan Verma,Bangalore,Electronics,2025,71,92,85
816,Tanya Jain,Lucknow,IT,2023,79,70,69
817,Tanya Jain,Bangalore,Civil,2024,87,85,85
818,Tanya Jain,Bangalore,Mechanical,2025,88,92,66
819,Ananya Sharma,Ahmedabad,Civil,2024,77,79,75
820,Tanya Jain,Chennai,IT,2023,76,81,82
821,Tanya Jain,Bangalore,Civil,2025,86,81,76
822,Karan Verma,Chennai,Mechanical,2024,65,74,88
823,Ananya Sharma,Ahmedabad,IT,2023,73,86,82
824,Karan Verma,Indore,Information Tech,2024,84,94,86
825,Priya Gupta,Jaipur,Electronics,2023,67,91,85
826,Tanya Jain,Jaipur,Mechanical,2025,86,85,78
827,Priya Gupta,Chennai,Information Tech,2024,80,86,83
828,Vishal Dubey,Jaipur,IT,2024,76,78,75
829,Meera Iyer,Hyderabad,IT,2023,88,89,87
830,Karan Verma,Mumbai,Civil,2025,66,90,73
831,Ananya Sharma,Mumbai,Electronics,2025,77,80,82
832,Ravi Patel,Indore,IT,2023,84,84,73
833,Ravi Patel,Jaipur,IT,2023,82,73,79
834,Rahul Mehta,Pune,Electronics,2023,69,92,69
835,Arjun Singh,Bangalore,Electronics,2024,83,72,74
836,Ananya Sharma,Bangalore,Mechanical,2024,64,85,89
837,Karan Verma,Bangalore,Electronics,2025,88,79,67
838,Tanya Jain,Lucknow,Computer Science,2024,89,80,83
839,Vishal Dubey,Mumbai,Mechanical,2025,87,88,85
840,Tanya Jain,Lucknow,Electrical,2023,62,84,86
841,Vishal Dubey,Delhi,Electronics,2025,83,92,78
842,Ravi Patel,Delhi,IT,2024,67,93,83
843,Priya Gupta,Lucknow,Civil,2023,67,78,74
844,Arjun Singh,Indore,IT,2025,79,73,85
845,Sneha Reddy,Pune,Electronics,2025,89,80,78
846,Priya Gupta,Ahmedabad,Electronics,2025,62,85,73
847,Tanya Jain,Indore,Information Tech,2023,83,94,66
848,Karan Verma,Pune,Information Tech,2023,64,94,90
849,Ananya Sharma,Lucknow,Information Tech,2025,69,83,79
850,Tanya Jain,Delhi,Electronics,2024,76,88,66
851,Karan Verma,Lucknow,Computer Science,2024,60,75,68
852,Arjun Singh,Mumbai,Electronics,2024,76,93,87
853,Tanya Jain,Jaipur,Electronics,2024,66,72,70
854,Rahul Mehta,Chennai,Civil,2023,65,79,72
855,Arjun Singh,Indore,Electronics,2024,75,91,72
856,Arjun Singh,Chennai,Electronics,2023,65,85,85
857,Tanya Jain,Chennai,Mechanical,2025,62,86,80
858,Arjun Singh,Jaipur,Computer Science,2025,63,86,65
859,Priya Gupta,Ahmedabad,Electrical,2023,84,83,82
860,Ravi Patel,Jaipur,IT,2023,87,85,79
861,Ananya Sharma,Hyderabad,IT,2024,88,75,66
862,Vishal Dubey,Delhi,Electronics,2023,74,75,87
863,Karan Verma,Hyderabad,Computer Science,2025,81,73,70
864,Karan Verma,Delhi,Computer Science,2023,88,87,68
865,Tanya Jain,Ahmedabad,Mechanical,2023,70,84,70
866,Meera Iyer,Jaipur,Electrical,2023,65,80,71
867,Sneha Reddy,Lucknow,Electronics,2024,87,82,68
868,Karan Verma,Indore,Mechanical,2025,80,82,81
869,Arjun Singh,Jaipur,IT,2025,64,84,71
870,Rahul Mehta,Ahmedabad,Information Tech,2025,63,81,67
871,Sneha Reddy,Chennai,Electronics,2025,63,76,81
872,Priya Gupta,Hyderabad,Information Tech,2024,68,84,77
873,Vishal Dubey,Bangalore,Mechanical,2023,80,87,84
874,Karan Verma,Chennai,Computer Science,2024,87,74,76
875,Ananya Sharma,Indore,Mechanical,2025,80,84,89
876,Ravi Patel,Hyderabad,Information Tech,2024,76,88,83
877,Sneha Reddy,Mumbai,Mechanical,2024,80,74,69
878,Ravi Patel,Indore,Computer Science,2025,74,83,72
879,Rahul Mehta,Mumbai,Information Tech,2023,81,90,85
880,Meera Iyer,Delhi,IT,2024,73,76,87
881,Arjun Singh,Jaipur,Mechanical,2025,83,80,69
882,Vishal Dubey,Mumbai,Mechanical,2025,70,93,78
883,Karan Verma,Hyderabad,Electronics,2025,69,84,76
884,Sneha Reddy,Chennai,Computer Science,2024,73,76,85
885,Vishal Dubey,Hyderabad,IT,2023,73,77,79
886,Ravi Patel,Jaipur,Electronics,2025,76,78,77
887,Ananya Sharma,Indore,Electronics,2023,63,88,78
888,Sneha Reddy,Jaipur,Information Tech,2024,74,90,76
889,Meera Iyer,Lucknow,IT,2023,88,77,78
890,Meera Iyer,Lucknow,Computer Science,2025,77,79,81
891,Karan Verma,Bangalore,Electrical,2025,89,77,82
892,Meera Iyer,Jaipur,Computer Science,2024,73,92,89
893,Priya Gupta,Hyderabad,Mechanical,2023,83,72,71
894,Sneha Reddy,Pune,Electronics,2025,80,86,79
895,Sneha Reddy,Bangalore,Mechanical,2023,85,74,79
896,Ananya Sharma,Mumbai,Mechanical,2024,78,90,78
897,Ananya Sharma,Indore,Electronics,2025,74,86,79
898,Rahul Mehta,Ahmedabad,Electrical,2025,67,82,88
899,Sneha Reddy,Lucknow,Information Tech,2023,78,91,67
900,Priya Gupta,Ahmedabad,Electronics,2023,79,92,81
901,Meera Iyer,Chennai,Electronics,2024,80,79,87
902,Ananya Sharma,Lucknow,Electronics,2023,72,78,67
903,Meera Iyer,Indore,Electrical,2023,66,88,70
904,Arjun Singh,Delhi,IT,2024,63,79,86
905,Sneha Reddy,Chennai,Computer Science,2024,86,90,88
906,Meera Iyer,Mumbai,IT,2024,85,72,82
907,Arjun Singh,Ahmedabad,Civil,2025,63,76,72
908,Ananya Sharma,Lucknow,Mechanical,2025,76,94,73
909,Vishal Dubey,Delhi,Civil,2025,67,73,80
910,Tanya Jain,Indore,Computer Science,2025,86,89,74
911,Priya Gupta,Delhi,Civil,2025,71,83,66
912,Rahul Mehta,Indore,Computer Science,2025,70,75,65
913,Tanya Jain,Chennai,Information Tech,2024,90,77,75
914,Ravi Patel,Chennai,Electrical,2024,82,81,78
915,Ravi Patel,Jaipur,Civil,2024,75,95,82
916,Meera Iyer,Indore,Electrical,2025,65,75,88
917,Rahul Mehta,Bangalore,IT,2025,82,86,65
918,Ravi Patel,Ahmedabad,Mechanical,2024,63,90,75
919,Tanya Jain,Delhi,Civil,2023,84,74,83
920,Tanya Jain,Jaipur,Computer Science,2024,84,71,81
921,Sneha Reddy,Lucknow,IT,2023,66,86,88
922,Vishal Dubey,Chennai,IT,2025,83,78,81
923,Karan Verma,Jaipur,Computer Science,2025,67,77,82
924,Rahul Mehta,Bangalore,Electronics,2023,85,78,70
925,Meera Iyer,Delhi,Information Tech,2024,74,83,77
926,Meera Iyer,Chennai,Electrical,2023,68,87,73
927,Karan Verma,Hyderabad,Computer Science,2025,80,82,81
928,Sneha Reddy,Indore,Electronics,2023,72,88,70
929,Ravi Patel,Delhi,Electronics,2023,70,78,89
930,Rahul Mehta,Mumbai,IT,2025,65,75,85
931,Rahul Mehta,Bangalore,IT,2023,68,78,67
932,Ravi Patel,Jaipur,IT,2023,66,89,70
933,Tanya Jain,Indore,Computer Science,2025,64,85,75
934,Ravi Patel,Bangalore,Electrical,2024,74,92,76
935,Meera Iyer,Hyderabad,IT,2024,72,84,78
936,Meera Iyer,Mumbai,Mechanical,2024,66,95,82
937,Ravi Patel,Lucknow,Electrical,2024,89,85,71
938,Rahul Mehta,Pune,Mechanical,2024,82,81,76
939,Arjun Singh,Ahmedabad,Mechanical,2023,73,91,87
940,Rahul Mehta,Jaipur,IT,2025,63,80,75
941,Tanya Jain,Lucknow,Electrical,2025,67,83,65
942,Ravi Patel,Pune,Information Tech,2023,74,91,69
943,Arjun Singh,Indore,Electronics,2025,68,73,84
944,Sneha Reddy,Mumbai,IT,2023,73,83,73
945,Ravi Patel,Pune,Computer Science,2023,63,88,75
946,Arjun Singh,Ahmedabad,Information Tech,2024,81,70,84
947,Vishal Dubey,Hyderabad,IT,2024,82,71,76
948,Tanya Jain,Ahmedabad,Electrical,2023,86,86,74
949,Meera Iyer,Mumbai,Information Tech,2025,90,91,83
950,Ravi Patel,Delhi,Mechanical,2025,74,93,85
951,Priya Gupta,Hyderabad,Computer Science,2024,76,89,88
952,Tanya Jain,Delhi,Computer Science,2023,84,85,90
953,Ravi Patel,Ahmedabad,Mechanical,2024,67,77,69
954,Vishal Dubey,Bangalore,Electrical,2023,74,77,71
955,Sneha Reddy,Indore,Electrical,2023,75,74,72
956,Meera Iyer,Indore,Electronics,2024,82,73,81
957,Sneha Reddy,Chennai,Electronics,2023,80,95,76
958,Sneha Reddy,Chennai,Electronics,2023,65,81,85
959,Arjun Singh,Delhi,IT,2025,88,93,77
960,Sneha Reddy,Pune,Civil,2025,63,88,66
961,Rahul Mehta,Hyderabad,Computer Science,2025,63,94,83
962,Ravi Patel,Lucknow,Electronics,2023,85,78,71
963,Vishal Dubey,Bangalore,Computer Science,2025,81,84,79
964,Arjun Singh,Jaipur,Mechanical,2023,82,93,88
965,Tanya Jain,Chennai,IT,2025,75,88,66
966,Vishal Dubey,Pune,Electrical,2025,83,82,89
967,Rahul Mehta,Chennai,Electronics,2023,63,84,82
968,Meera Iyer,Delhi,IT,2024,88,91,82
969,Ravi Patel,Lucknow,Mechanical,2023,79,78,83
970,Arjun Singh,Pune,Information Tech,2025,84,72,89
971,Sneha Reddy,Delhi,Electronics,2024,87,72,67
972,Sneha Reddy,Jaipur,Information Tech,2024,82,91,81
973,Tanya Jain,Mumbai,IT,2024,69,84,89
974,Ravi Patel,Indore,Electronics,2024,89,89,84
975,Karan Verma,Hyderabad,Information Tech,2023,72,94,71
976,Meera Iyer,Chennai,IT,2025,61,80,79
977,Rahul Mehta,Mumbai,Computer Science,2023,81,77,74
978,Ananya Sharma,Bangalore,Electronics,2024,60,72,67
979,Rahul Mehta,Mumbai,Electronics,2025,71,80,71
980,Rahul Mehta,Bangalore,IT,2025,62,94,75
981,Priya Gupta,Indore,Mechanical,2025,86,83,79
982,Tanya Jain,Indore,Computer Science,2023,63,92,72
983,Karan Verma,Bangalore,Electronics,2023,71,81,83
984,Rahul Mehta,Lucknow,Electronics,2024,65,71,77
985,Ravi Patel,Bangalore,Information Tech,2023,78,76,84
986,Tanya Jain,Lucknow,Computer Science,2023,72,94,83
987,Karan Verma,Lucknow,IT,2024,75,70,85
988,Rahul Mehta,Mumbai,Electrical,2024,80,80,82
989,Karan Verma,Hyderabad,Computer Science,2025,84,95,66
990,Priya Gupta,Mumbai,Electrical,2025,82,78,66
991,Arjun Singh,Bangalore,Civil,2025,88,91,86
992,Ananya Sharma,Chennai,IT,2023,88,95,77
993,Ananya Sharma,Indore,Electrical,2023,84,77,69
994,Rahul Mehta,Bangalore,Civil,2024,60,88,87
995,Tanya Jain,Pune,Electronics,2023,73,73,89
996,Meera Iyer,Chennai,Electronics,2025,85,93,75
997,Karan Verma,Hyderabad,Electronics,2025,75,89,86
998,Meera Iyer,Hyderabad,Computer Science,2025,61,93,78
999,Ananya Sharma,Chennai,Electronics,2024,72,75,73
1000,Arjun Singh,Pune,Civil,2023,68,75,68
1001,Priya Gupta,Ahmedabad,Information Tech,2023,60,84,65
1002,Arjun Singh,Mumbai,Civil,2024,66,82,86
1003,Tanya Jain,Lucknow,Computer Science,2025,82,85,74
1004,Meera Iyer,Pune,Mechanical,2024,80,87,86
1005,Karan Verma,Mumbai,Civil,2023,82,79,67
1006,Sneha Reddy,Bangalore,IT,2024,84,94,85
1007,Arjun Singh,Ahmedabad,Electronics,2024,61,92,87
1008,Sneha Reddy,Bangalore,Civil,2023,80,88,67
1009,Vishal Dubey,Delhi,Civil,2023,90,90,68
1010,Rahul Mehta,Delhi,Computer Science,2023,85,79,89
1011,Rahul Mehta,Pune,Mechanical,2025,74,91,88
1012,Karan Verma,Chennai,Information Tech,2024,75,88,70
1013,Meera Iyer,Mumbai,IT,2023,67,77,80
1014,Arjun Singh,Chennai,Information Tech,2025,88,92,66
1015,Karan Verma,Indore,IT,2024,88,94,81
1016,Karan Verma,Delhi,Mechanical,2025,72,80,66
1017,Karan Verma,Mumbai,Electrical,2024,73,91,77
1018,Meera Iyer,Bangalore,Information Tech,2023,68,72,70
1019,Sneha Reddy,Jaipur,Computer Science,2024,68,81,81
1020,Karan Verma,Jaipur,Electrical,2025,78,90,87
1021,Tanya Jain,Hyderabad,Computer Science,2023,68,79,78
1022,Arjun Singh,Mumbai,Computer Science,2023,70,89,66
1023,Karan Verma,Lucknow,Civil,2025,78,91,87
1024,Ananya Sharma,Pune,Computer Science,2024,76,83,71
1025,Meera Iyer,Chennai,IT,2023,68,77,84
1026,Karan Verma,Hyderabad,Computer Science,2024,63,83,88
1027,Vishal Dubey,Lucknow,Civil,2023,65,92,76
1028,Tanya Jain,Bangalore,Electronics,2025,84,94,65
1029,Karan Verma,Ahmedabad,Computer Science,2024,85,80,80
1030,Sneha Reddy,Ahmedabad,Computer Science,2024,77,74,70
1031,Ananya Sharma,Indore,IT,2025,79,89,84
1032,Rahul Mehta,Ahmedabad,Computer Science,2024,63,95,67
1033,Priya Gupta,Ahmedabad,Information Tech,2024,79,88,69
1034,Meera Iyer,Indore,Electrical,2025,65,91,74
1035,Priya Gupta,Indore,Mechanical,2024,72,83,77
1036,Sneha Reddy,Lucknow,Electrical,2025,67,71,87
1037,Meera Iyer,Hyderabad,IT,2025,71,75,73
1038,Meera Iyer,Hyderabad,IT,2023,69,90,73
1039,Karan Verma,Mumbai,IT,2025,69,92,74
1040,Rahul Mehta,Ahmedabad,Electronics,2023,74,83,84
1041,Tanya Jain,Chennai,Mechanical,2024,88,80,80
1042,Karan Verma,Pune,Electrical,2025,79,75,76
1043,Rahul Mehta,Ahmedabad,IT,2023,90,76,68
1044,Karan Verma,Bangalore,Electronics,2025,77,92,79
1045,Ananya Sharma,Bangalore,Electrical,2025,90,85,77
1046,Rahul Mehta,Ahmedabad,Computer Science,2023,81,84,87
1047,Ananya Sharma,Delhi,Electronics,2025,88,87,67
1048,Karan Verma,Delhi,Computer Science,2024,66,90,69
1049,Tanya Jain,Chennai,Information Tech,2025,86,75,75
1050,Arjun Singh,Hyderabad,Electronics,2024,67,93,87
1051,Meera Iyer,Jaipur,Computer Science,2024,87,81,85
1052,Priya Gupta,Delhi,Mechanical,2023,85,78,78
1053,Vishal Dubey,Indore,Electronics,2024,85,89,70
1054,Priya Gupta,Indore,Electrical,2024,67,90,71
1055,Meera Iyer,Jaipur,IT,2023,65,93,84
1056,Rahul Mehta,Pune,Electronics,2024,87,78,88
1057,Arjun Singh,Jaipur,Electronics,2024,85,82,80
1058,Tanya Jain,Pune,Information Tech,2024,73,83,78
1059,Meera Iyer,Indore,Information Tech,2024,77,70,84
1060,Sneha Reddy,Lucknow,Civil,2025,81,76,79
1061,Arjun Singh,Hyderabad,Computer Science,2023,84,82,82
1062,Arjun Singh,Lucknow,Electrical,2025,67,92,90
1063,Rahul Mehta,Hyderabad,Electronics,2023,88,85,79
1064,Sneha Reddy,Delhi,Electronics,2025,63,90,77
1065,Sneha Reddy,Bangalore,Electrical,2025,73,80,79
1066,Rahul Mehta,Indore,IT,2025,66,89,66
1067,Tanya Jain,Lucknow,Information Tech,2025,87,89,84
1068,Ananya Sharma,Lucknow,Electronics,2024,82,72,72
1069,Tanya Jain,Indore,Electrical,2024,75,80,73
1070,Meera Iyer,Lucknow,IT,2024,71,81,81
1071,Ravi Patel,Delhi,Civil,2025,75,89,78
1072,Sneha Reddy,Pune,IT,2024,63,94,66
1073,Vishal Dubey,Hyderabad,IT,2024,62,76,90
1074,Ananya Sharma,Jaipur,IT,2025,82,72,72
1075,Vishal Dubey,Jaipur,Electrical,2025,86,81,70
1076,Arjun Singh,Chennai,Computer Science,2024,79,88,69
1077,Karan Verma,Lucknow,IT,2023,66,81,85
1078,Arjun Singh,Pune,Mechanical,2024,78,85,78
1079,Meera Iyer,Delhi,IT,2023,70,80,68
1080,Vishal Dubey,Chennai,Computer Science,2023,79,81,89
1081,Ravi Patel,Indore,Electrical,2025,89,88,70
1082,Priya Gupta,Ahmedabad,Computer Science,2025,64,82,82
1083,Ravi Patel,Bangalore,Electronics,2023,80,90,71
1084,Vishal Dubey,Lucknow,IT,2024,64,82,86
1085,Ravi Patel,Chennai,IT,2025,85,85,80
1086,Vishal Dubey,Hyderabad,IT,2023,71,70,84
1087,Arjun Singh,Pune,Civil,2024,73,86,77
1088,Arjun Singh,Pune,Information Tech,2023,71,74,66
1089,Vishal Dubey,Delhi,Electronics,2025,90,82,67
1090,Ananya Sharma,Pune,Mechanical,2025,67,86,67
1091,Sneha Reddy,Hyderabad,Mechanical,2024,83,73,74
1092,Ravi Patel,Ahmedabad,Civil,2023,75,87,71
1093,Ravi Patel,Ahmedabad,Mechanical,2023,64,88,84
1094,Meera Iyer,Pune,Computer Science,2024,73,87,86
1095,Priya Gupta,Mumbai,Electrical,2024,73,75,83
1096,Priya Gupta,Bangalore,Mechanical,2023,63,90,69
1097,Tanya Jain,Chennai,Computer Science,2023,79,88,83
1098,Meera Iyer,Jaipur,Computer Science,2024,70,80,86
1099,Arjun Singh,Pune,Mechanical,2024,61,89,83
1100,Priya Gupta,Indore,Electrical,2024,81,72,69
1101,Karan Verma,Mumbai,Electronics,2023,90,76,76
1102,Priya Gupta,Pune,Electrical,2025,74,74,70
1103,Vishal Dubey,Jaipur,Electrical,2023,69,78,89
1104,Arjun Singh,Indore,Civil,2025,65,89,82
1105,Tanya Jain,Pune,Information Tech,2024,71,81,79
1106,Karan Verma,Jaipur,Civil,2025,63,94,66
1107,Ananya Sharma,Mumbai,Mechanical,2024,75,87,65
1108,Karan Verma,Pune,Electrical,2025,62,92,76
1109,Tanya Jain,Indore,Electronics,2025,90,83,77
1110,Ananya Sharma,Hyderabad,Computer Science,2024,66,75,69
1111,Tanya Jain,Lucknow,Computer Science,2025,72,79,69
1112,Rahul Mehta,Ahmedabad,IT,2024,84,82,87
1113,Ananya Sharma,Jaipur,IT,2025,79,73,84
1114,Tanya Jain,Mumbai,IT,2023,71,90,77
1115,Tanya Jain,Delhi,Civil,2023,70,84,88
1116,Arjun Singh,Mumbai,Information Tech,2024,88,79,87
1117,Ravi Patel,Chennai,Civil,2025,68,74,77
1118,Arjun Singh,Pune,Mechanical,2024,71,75,77
1119,Sneha Reddy,Hyderabad,Mechanical,2023,81,90,68
1120,Vishal Dubey,Delhi,Mechanical,2024,78,92,68
1121,Meera Iyer,Bangalore,Computer Science,2024,81,78,83
1122,Ananya Sharma,Indore,IT,2024,73,88,84
1123,Tanya Jain,Mumbai,Civil,2024,80,83,73
1124,Ravi Patel,Pune,Electronics,2025,88,92,67
1125,Tanya Jain,Jaipur,Computer Science,2025,88,95,71
1126,Tanya Jain,Indore,Mechanical,2025,64,73,71
1127,Vishal Dubey,Jaipur,Information Tech,2024,72,78,73
1128,Vishal Dubey,Hyderabad,Computer Science,2024,87,94,79
1129,Tanya Jain,Lucknow,Information Tech,2024,82,75,76
1130,Arjun Singh,Mumbai,IT,2024,61,80,79
1131,Vishal Dubey,Bangalore,Information Tech,2024,74,84,82
1132,Sneha Reddy,Indore,Electronics,2024,70,89,66
1133,Karan Verma,Jaipur,Electrical,2025,80,90,67
1134,Rahul Mehta,Mumbai,IT,2024,79,84,66
1135,Rahul Mehta,Jaipur,Computer Science,2023,75,75,79
1136,Ananya Sharma,Ahmedabad,IT,2024,71,88,66
1137,Vishal Dubey,Pune,IT,2023,71,94,87
1138,Rahul Mehta,Mumbai,Civil,2023,82,72,79
1139,Ravi Patel,Mumbai,Computer Science,2024,70,94,67
1140,Tanya Jain,Pune,Electrical,2023,86,88,70
1141,Ravi Patel,Jaipur,Electrical,2024,79,92,78
1142,Karan Verma,Jaipur,Computer Science,2024,68,88,68
1143,Ravi Patel,Hyderabad,Electronics,2023,86,76,76
1144,Tanya Jain,Lucknow,Computer Science,2023,82,75,77
1145,Meera Iyer,Hyderabad,Mechanical,2024,88,79,82
1146,Arjun Singh,Chennai,Electronics,2025,81,75,85
1147,Tanya Jain,Pune,Civil,2024,83,75,85
1148,Priya Gupta,Bangalore,Computer Science,2025,63,79,77
1149,Rahul Mehta,Pune,Computer Science,2024,62,95,70
1150,Tanya Jain,Hyderabad,Computer Science,2024,85,84,74
1151,Ananya Sharma,Lucknow,Mechanical,2023,68,84,78
1152,Meera Iyer,Mumbai,Information Tech,2024,80,92,65
1153,Karan Verma,Indore,Computer Science,2025,66,75,86
1154,Meera Iyer,Delhi,Mechanical,2025,68,91,82
1155,Priya Gupta,Lucknow,Electronics,2024,86,82,84
1156,Ravi Patel,Mumbai,Civil,2024,60,87,86
1157,Rahul Mehta,Hyderabad,Electronics,2023,73,90,65
1158,Vishal Dubey,Ahmedabad,IT,2025,76,85,75
1159,Karan Verma,Ahmedabad,Computer Science,2025,83,82,74
1160,Tanya Jain,Chennai,Computer Science,2023,89,93,72
1161,Ananya Sharma,Hyderabad,Mechanical,2024,79,85,73
1162,Ravi Patel,Pune,Computer Science,2024,66,94,67
1163,Karan Verma,Chennai,Electrical,2023,68,72,73
1164,Tanya Jain,Chennai,Mechanical,2025,86,73,87
1165,Karan Verma,Hyderabad,IT,2023,75,92,73
1166,Meera Iyer,Lucknow,Mechanical,2023,71,80,78
1167,Sneha Reddy,Ahmedabad,Electronics,2024,67,90,78
1168,Arjun Singh,Indore,Electrical,2025,89,74,67
1169,Meera Iyer,Hyderabad,Civil,2024,65,74,82
1170,Meera Iyer,Lucknow,Mechanical,2023,68,77,78
1171,Priya Gupta,Hyderabad,Computer Science,2024,66,72,80
1172,Vishal Dubey,Jaipur,Civil,2025,60,82,81
1173,Karan Verma,Indore,Electrical,2025,60,81,81
1174,Rahul Mehta,Ahmedabad,IT,2024,85,79,82
1175,Arjun Singh,Ahmedabad,Computer Science,2024,65,80,78
1176,Meera Iyer,Bangalore,Civil,2025,86,90,70
1177,Meera Iyer,Pune,Computer Science,2023,77,85,85
1178,Vishal Dubey,Hyderabad,Electrical,2024,83,73,80
1179,Vishal Dubey,Indore,Civil,2023,72,81,75
1180,Ravi Patel,Ahmedabad,Electrical,2025,61,81,85
1181,Karan Verma,Lucknow,Mechanical,2025,81,78,74
1182,Tanya Jain,Hyderabad,Mechanical,2024,63,86,78
1183,Vishal Dubey,Lucknow,Information Tech,2025,67,80,77
1184,Tanya Jain,Jaipur,Civil,2025,77,77,68
1185,Karan Verma,Mumbai,Information Tech,2024,62,92,69
1186,Sneha Reddy,Ahmedabad,Electronics,2025,84,95,83
1187,Ravi Patel,Jaipur,Electronics,2025,81,82,85
1188,Tanya Jain,Ahmedabad,IT,2025,72,93,78
1189,Priya Gupta,Jaipur,Electronics,2023,79,88,77
1190,Rahul Mehta,Mumbai,Electrical,2023,66,86,67
1191,Vishal Dubey,Indore,Electronics,2025,88,73,78
1192,Ananya Sharma,Hyderabad,Electronics,2023,69,83,87
1193,Ananya Sharma,Mumbai,Civil,2024,77,77,88
1194,Arjun Singh,Pune,IT,2023,64,88,73
1195,Ananya Sharma,Delhi,Information Tech,2023,72,93,73
1196,Karan Verma,Ahmedabad,Computer Science,2025,81,80,89
1197,Tanya Jain,Bangalore,Civil,2025,82,82,86
1198,Arjun Singh,Chennai,Information Tech,2023,64,84,76
1199,Karan Verma,Indore,Electrical,2025,71,90,68
1200,Meera Iyer,Ahmedabad,Civil,2024,81,74,66
1201,Tanya Jain,Lucknow,Civil,2025,85,86,86
1202,Karan Verma,Ahmedabad,Civil,2024,77,85,66
1203,Meera Iyer,Hyderabad,Electrical,2023,71,91,79
1204,Priya Gupta,Indore,Electrical,2023,64,71,73
1205,Karan Verma,Chennai,Electrical,2025,62,82,67
1206,Ananya Sharma,Hyderabad,Information Tech,2025,67,91,72
1207,Vishal Dubey,Hyderabad,Information Tech,2024,74,71,84
1208,Priya Gupta,Ahmedabad,Mechanical,2024,89,80,86
1209,Sneha Reddy,Jaipur,IT,2025,88,71,67
1210,Priya Gupta,Mumbai,Information Tech,2025,88,79,84
1211,Priya Gupta,Ahmedabad,Civil,2024,64,87,74
1212,Ananya Sharma,Chennai,Mechanical,2023,84,70,80
1213,Ravi Patel,Mumbai,Electronics,2025,78,85,77
1214,Ananya Sharma,Delhi,Civil,2023,73,85,78
1215,Ananya Sharma,Jaipur,IT,2023,68,92,85
1216,Arjun Singh,Mumbai,Information Tech,2024,75,84,78
1217,Meera Iyer,Chennai,Information Tech,2025,60,92,71
1218,Sneha Reddy,Mumbai,Information Tech,2023,65,87,71
1219,Karan Verma,Indore,Electronics,2024,86,71,73
1220,Rahul Mehta,Hyderabad,Information Tech,2025,70,95,81
1221,Tanya Jain,Lucknow,IT,2025,83,79,73
1222,Karan Verma,Delhi,Electronics,2023,83,81,81
1223,Arjun Singh,Mumbai,Computer Science,2025,82,89,88
1224,Arjun Singh,Lucknow,Computer Science,2023,73,81,70
1225,Karan Verma,Jaipur,Electronics,2024,75,71,74
1226,Ravi Patel,Pune,Electrical,2025,85,71,88
1227,Ravi Patel,Ahmedabad,Electronics,2024,87,84,77
1228,Vishal Dubey,Chennai,Computer Science,2024,88,75,68
1229,Rahul Mehta,Hyderabad,IT,2024,83,86,74
1230,Rahul Mehta,Mumbai,IT,2025,66,70,74
1231,Sneha Reddy,Chennai,Electrical,2023,60,93,81
1232,Meera Iyer,Hyderabad,Information Tech,2024,69,84,67
1233,Meera Iyer,Chennai,Computer Science,2023,68,86,89
1234,Karan Verma,Chennai,Mechanical,2024,83,77,87
1235,Meera Iyer,Chennai,IT,2024,78,83,68
1236,Ravi Patel,Mumbai,Information Tech,2023,78,80,77
1237,Karan Verma,Indore,Civil,2023,74,73,71
1238,Ravi Patel,Delhi,Electronics,2024,63,78,67
1239,Tanya Jain,Ahmedabad,Electronics,2025,82,85,79
1240,Karan Verma,Ahmedabad,Computer Science,2023,72,81,78
1241,Arjun Singh,Pune,IT,2024,81,84,81
1242,Ravi Patel,Indore,Mechanical,2023,84,85,70
1243,Tanya Jain,Ahmedabad,Civil,2023,64,87,66
1244,Priya Gupta,Jaipur,Information Tech,2023,76,75,89
1245,Ravi Patel,Indore,Mechanical,2023,80,87,74
1246,Vishal Dubey,Mumbai,Electrical,2025,66,75,85
1247,Rahul Mehta,Ahmedabad,Computer Science,2025,85,74,85
1248,Sneha Reddy,Delhi,Information Tech,2023,78,93,69
1249,Rahul Mehta,Lucknow,Computer Science,2024,68,92,88
1250,Ananya Sharma,Ahmedabad,Electronics,2025,64,86,87
1251,Ravi Patel,Lucknow,Electrical,2024,87,72,80
1252,Priya Gupta,Hyderabad,Electrical,2025,78,87,83
1253,Arjun Singh,Indore,Electrical,2023,70,91,80
1254,Karan Verma,Delhi,Information Tech,2024,83,71,80
1255,Karan Verma,Mumbai,Information Tech,2024,63,84,69
1256,Karan Verma,Indore,Mechanical,2024,64,71,68
1257,Tanya Jain,Mumbai,IT,2025,78,93,86
1258,Meera Iyer,Lucknow,Electronics,2024,80,70,68
1259,Meera Iyer,Pune,IT,2024,90,83,66
1260,Priya Gupta,Delhi,Civil,2024,72,79,75
1261,Meera Iyer,Pune,Civil,2024,62,70,67
1262,Priya Gupta,Pune,Computer Science,2024,67,81,67
1263,Ravi Patel,Chennai,Information Tech,2024,63,80,73
1264,Sneha Reddy,Mumbai,Information Tech,2023,84,84,87
1265,Karan Verma,Indore,Mechanical,2023,78,79,79
1266,Vishal Dubey,Delhi,IT,2023,68,77,78
1267,Ananya Sharma,Pune,Mechanical,2024,79,88,69
1268,Karan Verma,Bangalore,Mechanical,2023,66,76,73
1269,Priya Gupta,Pune,IT,2024,70,87,75
1270,Karan Verma,Mumbai,Information Tech,2025,61,92,71
1271,Rahul Mehta,Lucknow,Civil,2025,87,71,87
1272,Tanya Jain,Indore,IT,2025,88,75,76
1273,Priya Gupta,Hyderabad,Electronics,2023,87,85,87
1274,Ananya Sharma,Bangalore,Information Tech,2023,66,90,72
1275,Ravi Patel,Ahmedabad,Computer Science,2025,63,87,67
1276,Meera Iyer,Hyderabad,Computer Science,2025,75,93,73
1277,Ananya Sharma,Chennai,Electrical,2024,72,71,89
1278,Meera Iyer,Delhi,Computer Science,2023,65,72,84
1279,Meera Iyer,Indore,Computer Science,2025,63,80,81
1280,Rahul Mehta,Chennai,Mechanical,2025,63,87,81
1281,Tanya Jain,Delhi,IT,2023,80,80,66
1282,Vishal Dubey,Indore,Electronics,2025,68,87,84
1283,Rahul Mehta,Lucknow,Electrical,2023,89,82,78
1284,Karan Verma,Ahmedabad,Electronics,2023,66,72,82
1285,Meera Iyer,Mumbai,Information Tech,2023,77,77,66
1286,Karan Verma,Delhi,IT,2025,67,72,80
1287,Rahul Mehta,Mumbai,Electrical,2025,74,71,68
1288,Arjun Singh,Delhi,Electronics,2024,80,89,87
1289,Arjun Singh,Indore,Civil,2024,88,75,82
1290,Priya Gupta,Jaipur,Civil,2024,88,88,68
1291,Karan Verma,Bangalore,Electrical,2025,62,73,82
1292,Ananya Sharma,Bangalore,Computer Science,2023,67,71,81
1293,Sneha Reddy,Chennai,Information Tech,2023,89,89,75
1294,Tanya Jain,Delhi,IT,2023,61,87,69
1295,Sneha Reddy,Delhi,Mechanical,2023,75,76,71
1296,Karan Verma,Mumbai,Electrical,2024,62,87,86
1297,Tanya Jain,Jaipur,Information Tech,2023,81,85,67
1298,Vishal Dubey,Pune,Computer Science,2023,85,80,65
1299,Sneha Reddy,Ahmedabad,Computer Science,2024,87,92,81
1300,Priya Gupta,Pune,Information Tech,2024,69,73,85
1301,Vishal Dubey,Bangalore,IT,2025,73,77,83
1302,Tanya Jain,Hyderabad,IT,2025,64,75,79
1303,Karan Verma,Indore,Information Tech,2023,80,88,72
1304,Arjun Singh,Chennai,IT,2025,85,90,82
1305,Karan Verma,Mumbai,IT,2025,70,74,71
1306,Vishal Dubey,Ahmedabad,Electrical,2025,77,83,85
1307,Priya Gupta,Ahmedabad,Computer Science,2024,82,94,75
1308,Meera Iyer,Delhi,Electronics,2025,70,89,68
1309,Tanya Jain,Jaipur,Information Tech,2025,89,74,81
1310,Vishal Dubey,Delhi,Electronics,2025,81,73,87
1311,Meera Iyer,Lucknow,Mechanical,2025,65,81,76
1312,Vishal Dubey,Pune,Information Tech,2024,62,89,66
1313,Meera Iyer,Lucknow,Information Tech,2023,62,71,72
1314,Meera Iyer,Mumbai,Electrical,2024,81,82,84
1315,Arjun Singh,Mumbai,Information Tech,2024,90,84,66
1316,Ravi Patel,Delhi,Civil,2023,79,74,86
1317,Rahul Mehta,Delhi,Computer Science,2024,87,71,66
1318,Arjun Singh,Hyderabad,Electrical,2025,82,92,89
1319,Rahul Mehta,Indore,IT,2025,67,75,86
1320,Sneha Reddy,Mumbai,Electrical,2023,85,80,75
1321,Karan Verma,Bangalore,Electronics,2023,70,77,79
1322,Tanya Jain,Hyderabad,IT,2023,88,72,69
1323,Tanya Jain,Chennai,IT,2024,70,82,69
1324,Tanya Jain,Jaipur,IT,2023,71,71,69
1325,Tanya Jain,Indore,Civil,2025,62,85,84
1326,Tanya Jain,Bangalore,Civil,2025,82,74,76
1327,Ananya Sharma,Lucknow,Electronics,2023,75,85,87
1328,Sneha Reddy,Mumbai,Electronics,2025,68,95,67
1329,Vishal Dubey,Indore,IT,2023,84,92,77
1330,Meera Iyer,Jaipur,Electronics,2024,66,86,87
1331,Karan Verma,Chennai,Information Tech,2025,68,70,86
1332,Meera Iyer,Hyderabad,IT,2024,70,80,70
1333,Ananya Sharma,Chennai,Civil,2023,71,88,88
1334,Sneha Reddy,Chennai,Computer Science,2025,70,93,70
1335,Karan Verma,Jaipur,Mechanical,2023,67,78,65
1336,Meera Iyer,Lucknow,IT,2023,87,76,75
1337,Karan Verma,Lucknow,Computer Science,2024,88,88,77
1338,Rahul Mehta,Hyderabad,Mechanical,2025,89,70,66
1339,Meera Iyer,Chennai,Mechanical,2025,69,89,82
1340,Sneha Reddy,Bangalore,Electrical,2024,62,78,84
1341,Rahul Mehta,Ahmedabad,Mechanical,2025,70,75,83
1342,Vishal Dubey,Ahmedabad,Computer Science,2023,61,92,68
1343,Meera Iyer,Indore,IT,2025,63,76,75
1344,Vishal Dubey,Mumbai,Civil,2025,65,78,85
1345,Meera Iyer,Delhi,Mechanical,2025,64,81,74
1346,Vishal Dubey,Hyderabad,Electronics,2024,69,91,79
1347,Karan Verma,Indore,Electrical,2024,84,81,75
1348,Ananya Sharma,Mumbai,Computer Science,2025,85,78,85
1349,Ravi Patel,Chennai,Information Tech,2025,87,93,81
1350,Arjun Singh,Indore,Electrical,2023,75,92,84
1351,Tanya Jain,Jaipur,Mechanical,2024,66,79,68
1352,Tanya Jain,Hyderabad,Electrical,2025,76,72,85
1353,Arjun Singh,Indore,Civil,2025,67,82,78
1354,Rahul Mehta,Pune,Electrical,2024,70,71,69
1355,Rahul Mehta,Mumbai,Civil,2023,70,87,70
1356,Arjun Singh,Jaipur,Mechanical,2023,69,81,85
1357,Ravi Patel,Jaipur,Electrical,2024,86,89,81
1358,Sneha Reddy,Hyderabad,Electrical,2025,71,82,68
1359,Arjun Singh,Mumbai,Civil,2023,61,84,73
1360,Ananya Sharma,Lucknow,IT,2024,60,94,85
1361,Arjun Singh,Mumbai,Electronics,2023,63,72,88
1362,Rahul Mehta,Chennai,Civil,2024,82,89,67
1363,Tanya Jain,Lucknow,Civil,2024,74,77,78
1364,Priya Gupta,Lucknow,Computer Science,2024,86,93,67
1365,Ravi Patel,Chennai,Mechanical,2023,68,81,68
1366,Priya Gupta,Chennai,Computer Science,2023,90,73,72
1367,Karan Verma,Ahmedabad,Civil,2023,89,76,67
1368,Meera Iyer,Pune,Mechanical,2023,75,93,84
1369,Vishal Dubey,Ahmedabad,IT,2025,65,84,83
1370,Karan Verma,Mumbai,Computer Science,2024,66,85,79
1371,Rahul Mehta,Lucknow,Electrical,2025,63,84,69
1372,Ananya Sharma,Pune,Electronics,2023,73,78,76
1373,Sneha Reddy,Bangalore,Mechanical,2025,79,76,67
1374,Priya Gupta,Pune,Electronics,2023,86,86,76
1375,Priya Gupta,Lucknow,Mechanical,2025,85,93,76
1376,Sneha Reddy,Delhi,IT,2025,88,92,77
1377,Ananya Sharma,Bangalore,Mechanical,2023,84,79,87
1378,Meera Iyer,Lucknow,Electronics,2024,66,90,83
1379,Arjun Singh,Delhi,Electronics,2025,87,79,75
1380,Tanya Jain,Mumbai,Mechanical,2024,81,90,69
1381,Tanya Jain,Chennai,Electrical,2024,69,88,88
1382,Vishal Dubey,Delhi,Electronics,2025,61,88,87
1383,Meera Iyer,Ahmedabad,Mechanical,2023,85,74,79
1384,Ananya Sharma,Hyderabad,Civil,2024,65,83,78
1385,Meera Iyer,Pune,IT,2023,79,92,87
1386,Priya Gupta,Mumbai,Electrical,2024,69,71,79
1387,Sneha Reddy,Delhi,Computer Science,2023,71,87,78
1388,Vishal Dubey,Chennai,Computer Science,2024,66,94,66
1389,Priya Gupta,Ahmedabad,Information Tech,2023,87,88,76
1390,Ananya Sharma,Mumbai,Computer Science,2023,66,88,78
1391,Sneha Reddy,Bangalore,Civil,2025,89,93,67
1392,Priya Gupta,Hyderabad,IT,2025,89,73,86
1393,Meera Iyer,Ahmedabad,Civil,2023,70,85,77
1394,Ravi Patel,Chennai,Information Tech,2025,68,91,81
1395,Meera Iyer,Mumbai,Electrical,2025,67,76,66
1396,Ananya Sharma,Indore,Civil,2025,85,80,71
1397,Ananya Sharma,Mumbai,Mechanical,2023,62,94,75
1398,Arjun Singh,Chennai,Electrical,2024,65,90,69
1399,Ananya Sharma,Hyderabad,Information Tech,2023,73,75,75
1400,Karan Verma,Hyderabad,Electrical,2025,63,92,89
1401,Ravi Patel,Chennai,Computer Science,2025,79,81,83
1402,Ananya Sharma,Ahmedabad,Civil,2025,77,84,65
1403,Karan Verma,Hyderabad,Electronics,2024,84,93,88
1404,Rahul Mehta,Chennai,Mechanical,2025,84,76,75
1405,Priya Gupta,Delhi,Information Tech,2023,66,95,67
1406,Ravi Patel,Mumbai,Electrical,2024,87,77,74
1407,Sneha Reddy,Indore,Computer Science,2023,66,75,82
1408,Ravi Patel,Pune,Electrical,2024,64,93,66
1409,Sneha Reddy,Lucknow,IT,2023,73,81,82
1410,Karan Verma,Chennai,IT,2024,77,92,83
1411,Arjun Singh,Lucknow,Mechanical,2024,79,72,68
1412,Tanya Jain,Hyderabad,Mechanical,2024,76,76,80
1413,Meera Iyer,Hyderabad,Electrical,2024,88,93,78
1414,Ravi Patel,Ahmedabad,Computer Science,2025,68,83,88
1415,Sneha Reddy,Chennai,Electronics,2023,62,89,85
1416,Karan Verma,Jaipur,Mechanical,2023,62,94,89
1417,Rahul Mehta,Jaipur,Information Tech,2023,72,80,78
1418,Ravi Patel,Hyderabad,Computer Science,2024,65,72,79
1419,Karan Verma,Mumbai,Computer Science,2023,65,91,72
1420,Karan Verma,Ahmedabad,Electrical,2025,79,87,87
1421,Priya Gupta,Ahmedabad,Civil,2025,82,93,82
1422,Arjun Singh,Hyderabad,Electrical,2024,60,87,87
1423,Arjun Singh,Delhi,Computer Science,2023,64,84,66
1424,Arjun Singh,Chennai,Mechanical,2023,88,93,78
1425,Ananya Sharma,Ahmedabad,Electrical,2024,65,86,84
1426,Priya Gupta,Ahmedabad,IT,2024,73,78,68
1427,Vishal Dubey,Pune,Civil,2024,75,94,79
1428,Karan Verma,Hyderabad,Mechanical,2024,70,90,87
1429,Sneha Reddy,Mumbai,IT,2024,81,88,84
1430,Sneha Reddy,Ahmedabad,IT,2024,87,93,81
1431,Sneha Reddy,Jaipur,Electrical,2024,69,72,70
1432,Meera Iyer,Pune,Electrical,2024,62,81,75
1433,Meera Iyer,Mumbai,Mechanical,2024,81,90,69
1434,Vishal Dubey,Jaipur,Mechanical,2024,82,71,89
1435,Tanya Jain,Bangalore,Information Tech,2024,72,91,75
1436,Karan Verma,Jaipur,Civil,2023,85,74,65
1437,Tanya Jain,Jaipur,Electrical,2024,81,71,79
1438,Sneha Reddy,Pune,Information Tech,2023,62,83,88
1439,Arjun Singh,Pune,Computer Science,2024,90,93,66
1440,Karan Verma,Indore,Civil,2025,73,70,78
1441,Vishal Dubey,Indore,Civil,2023,72,79,73
1442,Arjun Singh,Mumbai,Electronics,2024,64,80,70
1443,Vishal Dubey,Jaipur,IT,2023,80,73,84
1444,Ravi Patel,Ahmedabad,Electronics,2023,87,83,88
1445,Sneha Reddy,Jaipur,IT,2024,70,93,81
1446,Priya Gupta,Pune,Civil,2023,61,78,85
1447,Rahul Mehta,Chennai,Electrical,2023,75,77,83
1448,Ananya Sharma,Lucknow,Electrical,2023,89,84,68
1449,Arjun Singh,Jaipur,Civil,2024,81,85,66
1450,Vishal Dubey,Mumbai,Information Tech,2025,86,86,72
1451,Rahul Mehta,Bangalore,Mechanical,2025,82,84,77
1452,Karan Verma,Delhi,Civil,2024,73,89,79
1453,Karan Verma,Jaipur,Computer Science,2023,83,83,88
1454,Arjun Singh,Delhi,IT,2024,68,87,89
1455,Priya Gupta,Mumbai,Electronics,2025,69,94,69
1456,Karan Verma,Jaipur,IT,2024,82,72,74
1457,Arjun Singh,Pune,Civil,2024,77,88,74
1458,Priya Gupta,Pune,Mechanical,2025,71,81,86
1459,Arjun Singh,Delhi,Electronics,2024,72,87,82
1460,Rahul Mehta,Delhi,Civil,2025,67,85,81
1461,Ravi Patel,Indore,Electrical,2023,90,94,84
1462,Rahul Mehta,Mumbai,Electronics,2025,69,92,80
1463,Ananya Sharma,Bangalore,Electrical,2025,73,90,68
1464,Karan Verma,Lucknow,Civil,2025,78,72,71
1465,Ananya Sharma,Ahmedabad,Civil,2025,70,93,83
1466,Rahul Mehta,Delhi,IT,2025,86,74,82
1467,Vishal Dubey,Ahmedabad,Electronics,2025,64,72,84
1468,Vishal Dubey,Indore,Electrical,2025,63,82,75
1469,Ananya Sharma,Ahmedabad,Information Tech,2024,84,75,86
1470,Sneha Reddy,Delhi,Civil,2025,78,84,85
1471,Arjun Singh,Bangalore,Civil,2024,78,86,90
1472,Ananya Sharma,Delhi,Electrical,2025,81,92,71
1473,Vishal Dubey,Mumbai,Computer Science,2023,87,93,89
1474,Karan Verma,Chennai,Computer Science,2025,88,92,69
1475,Priya Gupta,Hyderabad,Electronics,2024,64,73,67
1476,Ravi Patel,Hyderabad,Civil,2024,71,94,68
1477,Arjun Singh,Delhi,IT,2025,81,84,77
1478,Sneha Reddy,Delhi,Electronics,2023,68,72,68
1479,Arjun Singh,Delhi,Mechanical,2025,78,84,76
1480,Vishal Dubey,Jaipur,Electronics,2023,89,85,71
1481,Ravi Patel,Pune,Electrical,2024,60,83,83
1482,Arjun Singh,Mumbai,Civil,2024,63,85,85
1483,Meera Iyer,Ahmedabad,Information Tech,2023,76,78,88
1484,Priya Gupta,Hyderabad,Civil,2025,67,91,89
1485,Tanya Jain,Pune,Electrical,2024,85,78,65
1486,Sneha Reddy,Ahmedabad,Electrical,2023,80,80,79
1487,Karan Verma,Indore,IT,2024,78,82,73
1488,Meera Iyer,Mumbai,IT,2025,62,82,88
1489,Tanya Jain,Lucknow,Information Tech,2023,80,76,70
1490,Tanya Jain,Lucknow,Mechanical,2025,85,92,82
1491,Ananya Sharma,Indore,Civil,2025,75,72,65
1492,Rahul Mehta,Indore,Information Tech,2024,61,87,79
1493,Ravi Patel,Hyderabad,IT,2024,82,81,75
1494,Karan Verma,Bangalore,Computer Science,2025,62,80,78
1495,Meera Iyer,Chennai,Electrical,2023,65,95,69
1496,Priya Gupta,Mumbai,Electronics,2023,69,77,73
1497,Priya Gupta,Chennai,Electronics,2025,90,93,80
1498,Arjun Singh,Jaipur,IT,2023,74,81,88
1499,Priya Gupta,Lucknow,Civil,2023,81,90,80
1500,Priya Gupta,Mumbai,IT,2024,80,89,71
1501,Rahul Mehta,Ahmedabad,Mechanical,2024,71,81,85
1502,Ravi Patel,Indore,Information Tech,2024,65,76,65
1503,Vishal Dubey,Pune,Computer Science,2023,84,83,79
1504,Sneha Reddy,Mumbai,Information Tech,2023,66,71,81
1505,Priya Gupta,Delhi,Mechanical,2024,67,92,72
1506,Ananya Sharma,Bangalore,Civil,2023,87,75,66
1507,Ravi Patel,Chennai,Electronics,2024,78,95,86
1508,Meera Iyer,Mumbai,Electrical,2024,64,84,90
1509,Vishal Dubey,Ahmedabad,Information Tech,2025,63,81,87
1510,Rahul Mehta,Mumbai,Electronics,2024,83,89,78
1511,Priya Gupta,Ahmedabad,Computer Science,2024,74,84,84
1512,Tanya Jain,Jaipur,Mechanical,2025,80,74,85
1513,Meera Iyer,Pune,Electrical,2025,75,73,76
1514,Rahul Mehta,Indore,Electrical,2023,65,80,73
1515,Sneha Reddy,Lucknow,IT,2023,69,93,89
1516,Rahul Mehta,Jaipur,IT,2023,90,88,73
1517,Rahul Mehta,Indore,Electronics,2025,65,89,86
1518,Karan Verma,Hyderabad,Computer Science,2024,61,93,73
1519,Sneha Reddy,Chennai,Mechanical,2025,88,71,78
1520,Meera Iyer,Chennai,Information Tech,2024,90,90,85
1521,Karan Verma,Bangalore,IT,2023,61,90,79
1522,Tanya Jain,Jaipur,IT,2023,62,94,78
1523,Sneha Reddy,Hyderabad,Civil,2025,87,92,76
1524,Priya Gupta,Ahmedabad,Electronics,2023,76,81,89
1525,Vishal Dubey,Ahmedabad,Civil,2025,72,87,74
1526,Rahul Mehta,Indore,Civil,2025,85,92,76
1527,Karan Verma,Lucknow,Civil,2024,64,87,77
1528,Vishal Dubey,Mumbai,IT,2024,75,93,74
1529,Rahul Mehta,Delhi,Electrical,2025,82,90,80
1530,Rahul Mehta,Ahmedabad,Information Tech,2025,74,91,70
1531,Tanya Jain,Indore,IT,2025,70,93,78
1532,Arjun Singh,Lucknow,Electrical,2023,81,93,87
1533,Ananya Sharma,Indore,Mechanical,2024,88,86,88
1534,Ravi Patel,Bangalore,Civil,2024,76,85,72
1535,Sneha Reddy,Lucknow,Computer Science,2024,63,76,70
1536,Karan Verma,Jaipur,Computer Science,2025,90,92,81
1537,Sneha Reddy,Hyderabad,IT,2024,80,79,78
1538,Karan Verma,Bangalore,Information Tech,2024,83,75,68
1539,Sneha Reddy,Indore,Information Tech,2023,61,79,85
1540,Vishal Dubey,Delhi,Civil,2023,63,74,79
1541,Ravi Patel,Chennai,Computer Science,2025,61,88,75
1542,Vishal Dubey,Bangalore,Electronics,2025,66,88,78
1543,Ananya Sharma,Hyderabad,IT,2025,85,86,71
1544,Arjun Singh,Mumbai,Electrical,2025,64,81,66
1545,Vishal Dubey,Mumbai,Civil,2023,81,72,83
1546,Priya Gupta,Delhi,Electrical,2023,78,70,76
1547,Vishal Dubey,Lucknow,Information Tech,2025,67,73,80
1548,Ravi Patel,Ahmedabad,Civil,2023,64,86,72
1549,Priya Gupta,Ahmedabad,Information Tech,2025,79,81,88
1550,Karan Verma,Pune,Mechanical,2025,87,91,77
1551,Rahul Mehta,Chennai,Electrical,2025,83,72,85
1552,Arjun Singh,Pune,IT,2025,65,79,83
1553,Vishal Dubey,Ahmedabad,Civil,2025,77,80,69
1554,Ravi Patel,Indore,Electrical,2023,74,81,77
1555,Vishal Dubey,Jaipur,Mechanical,2023,83,93,73
1556,Sneha Reddy,Chennai,Civil,2023,68,79,74
1557,Vishal Dubey,Lucknow,Computer Science,2025,62,89,83
1558,Meera Iyer,Lucknow,Information Tech,2025,63,93,77
1559,Ravi Patel,Pune,Computer Science,2025,67,90,68
1560,Ravi Patel,Jaipur,Computer Science,2023,77,87,79
1561,Arjun Singh,Delhi,Mechanical,2024,85,82,76
1562,Rahul Mehta,Chennai,IT,2025,71,85,87
1563,Vishal Dubey,Bangalore,Computer Science,2023,83,75,70
1564,Ravi Patel,Indore,Electronics,2025,89,70,86
1565,Priya Gupta,Chennai,Electrical,2023,80,95,83
1566,Karan Verma,Jaipur,Civil,2023,88,73,86
1567,Tanya Jain,Lucknow,Information Tech,2024,73,87,81
1568,Karan Verma,Bangalore,Mechanical,2025,63,90,70
1569,Tanya Jain,Ahmedabad,Electrical,2023,85,91,67
1570,Rahul Mehta,Bangalore,Electrical,2023,88,81,67
1571,Rahul Mehta,Lucknow,Electrical,2025,81,86,75
1572,Sneha Reddy,Chennai,Information Tech,2024,72,76,66
1573,Sneha Reddy,Pune,Civil,2024,63,72,84
1574,Karan Verma,Hyderabad,Information Tech,2024,73,73,83
1575,Ananya Sharma,Delhi,Information Tech,2024,85,91,77
1576,Karan Verma,Hyderabad,Electrical,2024,79,71,73
1577,Priya Gupta,Lucknow,Civil,2023,87,80,90
1578,Ravi Patel,Mumbai,Electronics,2025,83,85,85
1579,Karan Verma,Delhi,Information Tech,2024,68,73,87
1580,Vishal Dubey,Jaipur,Information Tech,2023,76,84,79
1581,Ananya Sharma,Chennai,Electronics,2024,78,95,69
1582,Priya Gupta,Chennai,IT,2024,68,76,76
1583,Vishal Dubey,Delhi,Mechanical,2023,73,80,82
1584,Arjun Singh,Hyderabad,Information Tech,2023,65,80,79
1585,Ananya Sharma,Chennai,Mechanical,2025,88,90,78
1586,Ravi Patel,Ahmedabad,Computer Science,2025,72,83,78
1587,Karan Verma,Lucknow,Mechanical,2023,79,88,77
1588,Sneha Reddy,Jaipur,Electrical,2024,89,82,67
1589,Karan Verma,Lucknow,Computer Science,2024,89,84,81
1590,Priya Gupta,Bangalore,Information Tech,2025,70,91,70
1591,Vishal Dubey,Pune,Mechanical,2025,78,81,77
1592,Rahul Mehta,Pune,Civil,2023,71,92,89
1593,Meera Iyer,Mumbai,Electrical,2024,77,71,89
1594,Sneha Reddy,Bangalore,IT,2023,82,85,74
1595,Karan Verma,Indore,Electrical,2024,70,90,67
1596,Ravi Patel,Chennai,Electronics,2024,76,72,67
1597,Rahul Mehta,Pune,Electrical,2024,64,74,82
1598,Tanya Jain,Lucknow,Electronics,2023,69,80,72
1599,Meera Iyer,Pune,Electrical,2023,68,90,72
1600,Arjun Singh,Mumbai,Mechanical,2025,70,77,76
1601,Vishal Dubey,Hyderabad,IT,2023,83,78,75
1602,Vishal Dubey,Delhi,Electronics,2025,77,80,87
1603,Karan Verma,Ahmedabad,Civil,2024,66,91,77
1604,Vishal Dubey,Pune,Information Tech,2024,90,93,79
1605,Priya Gupta,Chennai,Electronics,2025,64,77,83
1606,Ananya Sharma,Jaipur,Computer Science,2024,72,84,70
1607,Sneha Reddy,Bangalore,IT,2023,65,82,86
1608,Arjun Singh,Hyderabad,Computer Science,2023,61,85,72
1609,Arjun Singh,Lucknow,Information Tech,2023,88,76,75
1610,Sneha Reddy,Bangalore,Electronics,2025,69,83,79
1611,Tanya Jain,Pune,Electrical,2025,69,90,71
1612,Meera Iyer,Lucknow,Electronics,2023,79,72,73
1613,Tanya Jain,Mumbai,Civil,2024,69,71,65
1614,Ananya Sharma,Bangalore,Electrical,2024,64,71,74
1615,Ravi Patel,Bangalore,Information Tech,2025,70,84,71
1616,Meera Iyer,Bangalore,Electrical,2023,78,86,87
1617,Rahul Mehta,Pune,Civil,2024,76,84,89
1618,Karan Verma,Hyderabad,IT,2023,77,81,90
1619,Arjun Singh,Delhi,Mechanical,2025,89,74,83
1620,Priya Gupta,Delhi,Electronics,2024,79,75,70
1621,Meera Iyer,Jaipur,Mechanical,2023,76,79,79
1622,Meera Iyer,Jaipur,Mechanical,2025,61,77,90
1623,Tanya Jain,Indore,Electronics,2024,82,84,69
1624,Priya Gupta,Jaipur,IT,2023,66,81,66
1625,Priya Gupta,Indore,IT,2024,61,90,83
1626,Priya Gupta,Chennai,Electronics,2024,76,80,74
1627,Tanya Jain,Indore,Computer Science,2025,78,91,81
1628,Ravi Patel,Lucknow,Information Tech,2025,81,74,84
1629,Ananya Sharma,Jaipur,Mechanical,2023,87,90,78
1630,Ravi Patel,Pune,Mechanical,2025,79,86,86
1631,Karan Verma,Ahmedabad,Mechanical,2023,62,82,67
1632,Ananya Sharma,Jaipur,Electrical,2024,77,80,76
1633,Ravi Patel,Pune,Computer Science,2023,64,71,90
1634,Priya Gupta,Delhi,Electrical,2024,82,94,78
1635,Ananya Sharma,Ahmedabad,Electrical,2024,73,82,72
1636,Karan Verma,Lucknow,Mechanical,2023,73,77,81
1637,Arjun Singh,Bangalore,Computer Science,2024,71,73,71
1638,Sneha Reddy,Jaipur,Mechanical,2025,71,74,83
1639,Arjun Singh,Ahmedabad,Civil,2025,70,72,74
1640,Karan Verma,Delhi,Electrical,2025,68,90,83
1641,Priya Gupta,Chennai,Electrical,2024,85,78,71
1642,Karan Verma,Ahmedabad,Information Tech,2025,64,82,81
1643,Ravi Patel,Lucknow,Electronics,2023,77,84,89
1644,Tanya Jain,Bangalore,Information Tech,2023,78,78,68
1645,Ravi Patel,Chennai,Computer Science,2024,78,95,77
1646,Vishal Dubey,Delhi,Computer Science,2024,64,72,74
1647,Karan Verma,Lucknow,Information Tech,2024,61,76,90
1648,Ravi Patel,Chennai,Civil,2024,73,91,66
1649,Ravi Patel,Mumbai,Electrical,2025,65,92,68
1650,Sneha Reddy,Indore,Electrical,2025,88,76,78
1651,Priya Gupta,Mumbai,IT,2025,79,87,70
1652,Priya Gupta,Mumbai,IT,2025,89,85,82
1653,Priya Gupta,Pune,Mechanical,2024,70,72,85
1654,Rahul Mehta,Ahmedabad,Information Tech,2025,78,74,77
1655,Ravi Patel,Jaipur,Mechanical,2025,87,87,70
1656,Sneha Reddy,Mumbai,Computer Science,2023,80,91,67
1657,Karan Verma,Bangalore,IT,2024,89,87,77
1658,Sneha Reddy,Mumbai,Civil,2025,65,93,78
1659,Tanya Jain,Delhi,Information Tech,2024,78,74,76
1660,Ravi Patel,Jaipur,Mechanical,2025,70,92,78
1661,Meera Iyer,Pune,IT,2025,65,70,75
1662,Rahul Mehta,Chennai,Computer Science,2025,88,76,67
1663,Sneha Reddy,Jaipur,Mechanical,2024,77,95,81
1664,Karan Verma,Hyderabad,Computer Science,2024,84,72,84
1665,Priya Gupta,Jaipur,Civil,2025,75,88,90
1666,Arjun Singh,Indore,Civil,2023,69,78,70
1667,Meera Iyer,Pune,Mechanical,2023,83,73,81
1668,Priya Gupta,Mumbai,Electrical,2023,62,83,66
1669,Ravi Patel,Chennai,Electronics,2023,77,94,71
1670,Rahul Mehta,Pune,Civil,2024,62,77,68
1671,Sneha Reddy,Chennai,Mechanical,2025,76,95,74
1672,Rahul Mehta,Hyderabad,Civil,2023,87,71,83
1673,Sneha Reddy,Pune,Electrical,2025,68,88,84
1674,Meera Iyer,Pune,Mechanical,2025,76,72,80
1675,Arjun Singh,Delhi,Electronics,2025,89,87,76
1676,Ananya Sharma,Mumbai,Electronics,2023,62,92,75
1677,Meera Iyer,Hyderabad,IT,2023,66,83,66
1678,Arjun Singh,Indore,Computer Science,2024,90,92,82
1679,Ravi Patel,Bangalore,Civil,2023,69,93,74
1680,Sneha Reddy,Bangalore,Electronics,2024,85,95,86
1681,Arjun Singh,Jaipur,Mechanical,2024,82,86,73
1682,Tanya Jain,Hyderabad,Information Tech,2023,69,84,84
1683,Ravi Patel,Chennai,Electronics,2023,82,93,82
1684,Ananya Sharma,Hyderabad,Electrical,2023,88,79,75
1685,Meera Iyer,Chennai,Electrical,2023,74,85,85
1686,Priya Gupta,Delhi,IT,2024,88,84,85
1687,Arjun Singh,Ahmedabad,Civil,2023,81,91,89
1688,Tanya Jain,Delhi,Electronics,2025,65,91,73
1689,Priya Gupta,Bangalore,Electronics,2025,67,74,90
1690,Sneha Reddy,Ahmedabad,Electrical,2023,66,87,81
1691,Meera Iyer,Bangalore,Electronics,2025,66,72,84
1692,Meera Iyer,Delhi,Electrical,2023,88,79,66
1693,Karan Verma,Indore,Information Tech,2024,81,78,83
1694,Vishal Dubey,Bangalore,Mechanical,2023,81,95,79
1695,Meera Iyer,Hyderabad,Civil,2023,83,91,85
1696,Karan Verma,Chennai,Mechanical,2024,63,80,83
1697,Ravi Patel,Lucknow,IT,2024,63,83,67
1698,Priya Gupta,Lucknow,IT,2024,84,80,84
1699,Meera Iyer,Delhi,Information Tech,2023,80,82,87
1700,Arjun Singh,Delhi,Electronics,2024,68,74,72
1701,Tanya Jain,Chennai,Computer Science,2023,71,80,88
1702,Rahul Mehta,Delhi,Mechanical,2024,86,80,87
1703,Rahul Mehta,Hyderabad,Civil,2023,76,81,88
1704,Arjun Singh,Lucknow,Electronics,2024,75,72,87
1705,Meera Iyer,Mumbai,Computer Science,2023,66,73,85
1706,Vishal Dubey,Jaipur,Mechanical,2025,73,88,87
1707,Arjun Singh,Delhi,Information Tech,2023,81,88,75
1708,Priya Gupta,Bangalore,Mechanical,2024,74,90,75
1709,Ananya Sharma,Chennai,Electrical,2024,69,81,90
1710,Sneha Reddy,Delhi,Electrical,2025,88,72,79
1711,Rahul Mehta,Indore,Information Tech,2025,87,88,71
1712,Priya Gupta,Delhi,Electronics,2025,83,85,85
1713,Vishal Dubey,Mumbai,Electronics,2025,72,81,82
1714,Sneha Reddy,Indore,Electronics,2023,81,90,76
1715,Ananya Sharma,Lucknow,IT,2023,82,73,85
1716,Vishal Dubey,Hyderabad,IT,2023,78,78,74
1717,Vishal Dubey,Jaipur,Civil,2024,89,90,80
1718,Sneha Reddy,Hyderabad,Electrical,2025,61,80,87
1719,Karan Verma,Indore,Mechanical,2023,77,87,90
1720,Priya Gupta,Hyderabad,Electrical,2025,75,77,74
1721,Ravi Patel,Indore,Civil,2023,80,73,80
1722,Vishal Dubey,Lucknow,Electrical,2023,81,80,68
1723,Ananya Sharma,Jaipur,IT,2023,86,90,90
1724,Arjun Singh,Pune,Information Tech,2025,87,84,74
1725,Karan Verma,Chennai,IT,2025,69,80,76
1726,Ananya Sharma,Bangalore,Electrical,2024,90,81,86
1727,Vishal Dubey,Indore,Information Tech,2023,86,76,85
1728,Rahul Mehta,Jaipur,Mechanical,2025,78,87,71
1729,Priya Gupta,Chennai,Computer Science,2024,88,91,79
1730,Vishal Dubey,Lucknow,Computer Science,2024,87,80,89
1731,Tanya Jain,Delhi,Electronics,2025,67,72,73
1732,Sneha Reddy,Indore,Information Tech,2025,88,72,78
1733,Ananya Sharma,Ahmedabad,Civil,2025,76,88,69
1734,Ravi Patel,Delhi,Information Tech,2024,80,81,79
1735,Sneha Reddy,Ahmedabad,Electronics,2023,83,90,66
1736,Sneha Reddy,Chennai,Computer Science,2025,77,74,83
1737,Ravi Patel,Lucknow,Civil,2024,61,75,65
1738,Priya Gupta,Lucknow,Mechanical,2023,90,95,67
1739,Karan Verma,Bangalore,Mechanical,2024,60,75,71
1740,Ravi Patel,Bangalore,Electronics,2025,85,84,83
1741,Tanya Jain,Bangalore,Electrical,2025,85,90,83
1742,Karan Verma,Indore,Electronics,2024,79,92,83
1743,Vishal Dubey,Jaipur,Electronics,2025,67,73,84
1744,Sneha Reddy,Indore,Computer Science,2025,90,77,73
1745,Ravi Patel,Delhi,Electronics,2025,80,70,70
1746,Arjun Singh,Lucknow,Computer Science,2024,68,86,68
1747,Ananya Sharma,Ahmedabad,Mechanical,2024,64,74,84
1748,Ananya Sharma,Bangalore,IT,2025,82,89,75
1749,Tanya Jain,Lucknow,Information Tech,2024,90,83,71
1750,Sneha Reddy,Ahmedabad,IT,2025,62,83,68
1751,Sneha Reddy,Delhi,Electrical,2023,80,80,79
1752,Ravi Patel,Indore,Mechanical,2024,86,94,68
1753,Meera Iyer,Bangalore,Computer Science,2025,72,83,70
1754,Karan Verma,Bangalore,Mechanical,2023,79,92,67
1755,Ravi Patel,Indore,IT,2024,81,92,73
1756,Meera Iyer,Indore,Information Tech,2024,74,72,77
1757,Meera Iyer,Bangalore,Electrical,2024,70,73,83
1758,Rahul Mehta,Chennai,Electronics,2025,88,87,75
1759,Priya Gupta,Ahmedabad,Mechanical,2025,70,70,66
1760,Vishal Dubey,Ahmedabad,Information Tech,2024,86,91,67
1761,Sneha Reddy,Hyderabad,Civil,2023,76,78,82
1762,Priya Gupta,Chennai,IT,2025,83,77,86
1763,Priya Gupta,Lucknow,Civil,2023,79,86,90
1764,Sneha Reddy,Indore,Electronics,2024,82,91,86
1765,Karan Verma,Chennai,IT,2024,88,94,69
1766,Priya Gupta,Hyderabad,Civil,2023,69,73,73
1767,Vishal Dubey,Delhi,Civil,2025,83,74,75
1768,Tanya Jain,Indore,IT,2023,76,80,89
1769,Karan Verma,Mumbai,IT,2023,75,91,74
1770,Karan Verma,Jaipur,Mechanical,2023,76,85,69
1771,Priya Gupta,Pune,Electrical,2023,79,81,82
1772,Tanya Jain,Chennai,Electronics,2023,85,83,85
1773,Tanya Jain,Pune,Civil,2025,85,71,88
1774,Rahul Mehta,Chennai,Mechanical,2024,69,93,71
1775,Rahul Mehta,Bangalore,Electrical,2023,88,79,68
1776,Arjun Singh,Mumbai,Civil,2024,65,90,67
1777,Vishal Dubey,Mumbai,Electrical,2025,60,93,67
1778,Sneha Reddy,Jaipur,Electrical,2023,79,80,67
1779,Priya Gupta,Delhi,Information Tech,2024,87,75,89
1780,Karan Verma,Ahmedabad,IT,2024,82,82,80
1781,Meera Iyer,Hyderabad,Computer Science,2025,81,91,88
1782,Arjun Singh,Ahmedabad,Information Tech,2024,63,88,73
1783,Ananya Sharma,Indore,IT,2023,79,81,69
1784,Karan Verma,Mumbai,Computer Science,2024,68,82,79
1785,Karan Verma,Lucknow,Computer Science,2023,81,85,86
1786,Tanya Jain,Ahmedabad,Information Tech,2023,60,86,78
1787,Meera Iyer,Indore,Computer Science,2024,83,78,67
1788,Priya Gupta,Ahmedabad,Computer Science,2025,61,79,74
1789,Karan Verma,Hyderabad,Information Tech,2025,90,95,69
1790,Ananya Sharma,Indore,Electronics,2024,67,78,77
1791,Ravi Patel,Jaipur,Computer Science,2023,66,91,69
1792,Rahul Mehta,Hyderabad,Computer Science,2024,73,94,80
1793,Rahul Mehta,Pune,Information Tech,2024,64,92,87
1794,Ananya Sharma,Delhi,IT,2024,79,89,70
1795,Sneha Reddy,Indore,Electronics,2025,87,85,74
1796,Rahul Mehta,Ahmedabad,Electrical,2025,87,84,71
1797,Karan Verma,Chennai,Civil,2023,75,84,71
1798,Ananya Sharma,Ahmedabad,Civil,2023,67,82,71
1799,Rahul Mehta,Indore,Mechanical,2025,66,94,88
1800,Priya Gupta,Chennai,Electronics,2023,64,72,76
1801,Ananya Sharma,Jaipur,Information Tech,2025,80,88,76
1802,Sneha Reddy,Delhi,Civil,2024,85,82,86
1803,Ananya Sharma,Lucknow,Mechanical,2025,80,72,86
1804,Ananya Sharma,Hyderabad,Civil,2025,64,74,89
1805,Ravi Patel,Pune,IT,2025,61,95,86
1806,Tanya Jain,Chennai,Civil,2023,62,87,78
1807,Ananya Sharma,Lucknow,Electrical,2024,86,93,86
1808,Ananya Sharma,Bangalore,IT,2023,88,94,74
1809,Sneha Reddy,Hyderabad,Information Tech,2023,74,78,70
1810,Karan Verma,Hyderabad,IT,2025,63,94,77
1811,Arjun Singh,Delhi,Computer Science,2025,75,89,80
1812,Ravi Patel,Ahmedabad,Computer Science,2025,81,91,75
1813,Ananya Sharma,Pune,IT,2025,90,75,88
1814,Tanya Jain,Chennai,Information Tech,2024,74,85,67
1815,Priya Gupta,Mumbai,Computer Science,2023,74,78,69
1816,Rahul Mehta,Lucknow,Computer Science,2025,68,74,90
1817,Sneha Reddy,Mumbai,IT,2025,67,79,69
1818,Rahul Mehta,Chennai,Civil,2025,65,77,71
1819,Rahul Mehta,Ahmedabad,Electronics,2023,68,72,75
1820,Ananya Sharma,Bangalore,Computer Science,2024,82,82,90
1821,Rahul Mehta,Jaipur,Electrical,2023,86,82,86
1822,Sneha Reddy,Chennai,Computer Science,2023,74,84,65
1823,Meera Iyer,Chennai,IT,2025,83,88,75
1824,Rahul Mehta,Ahmedabad,IT,2024,63,94,67
1825,Ravi Patel,Bangalore,Computer Science,2025,90,80,82
1826,Tanya Jain,Ahmedabad,Electrical,2023,83,75,88
1827,Vishal Dubey,Bangalore,Information Tech,2024,81,78,85
1828,Priya Gupta,Jaipur,Mechanical,2025,73,71,84
1829,Meera Iyer,Lucknow,Mechanical,2023,89,81,74
1830,Priya Gupta,Indore,Mechanical,2024,71,92,82
1831,Karan Verma,Jaipur,Electrical,2023,67,92,69
1832,Meera Iyer,Indore,Electronics,2025,61,93,70
1833,Meera Iyer,Lucknow,IT,2025,72,77,86
1834,Ravi Patel,Bangalore,Mechanical,2023,61,84,87
1835,Karan Verma,Indore,Information Tech,2023,67,76,66
1836,Priya Gupta,Jaipur,Electronics,2024,81,77,69
1837,Tanya Jain,Mumbai,Computer Science,2024,65,94,84
1838,Priya Gupta,Chennai,Information Tech,2024,83,76,80
1839,Sneha Reddy,Indore,Computer Science,2025,74,87,79
1840,Priya Gupta,Ahmedabad,Information Tech,2025,66,94,71
1841,Ananya Sharma,Mumbai,Electronics,2024,61,75,87
1842,Ananya Sharma,Chennai,Civil,2024,72,88,69
1843,Meera Iyer,Indore,Computer Science,2024,78,90,72
1844,Karan Verma,Indore,Mechanical,2025,81,81,67
1845,Vishal Dubey,Lucknow,Electronics,2025,66,92,83
1846,Ananya Sharma,Jaipur,Computer Science,2023,79,89,67
1847,Vishal Dubey,Ahmedabad,Mechanical,2025,61,94,74
1848,Karan Verma,Bangalore,Information Tech,2023,69,88,79
1849,Meera Iyer,Jaipur,Computer Science,2025,64,95,69
1850,Tanya Jain,Mumbai,Computer Science,2023,88,76,72
1851,Tanya Jain,Hyderabad,IT,2024,68,72,82
1852,Tanya Jain,Lucknow,Electronics,2025,67,88,88
1853,Priya Gupta,Pune,Information Tech,2025,78,81,85
1854,Tanya Jain,Ahmedabad,IT,2024,87,78,80
1855,Meera Iyer,Jaipur,Electronics,2023,78,91,74
1856,Priya Gupta,Mumbai,Computer Science,2024,86,73,78
1857,Priya Gupta,Jaipur,IT,2023,69,75,66
1858,Meera Iyer,Delhi,Civil,2025,86,90,71
1859,Tanya Jain,Chennai,IT,2024,76,83,75
1860,Ananya Sharma,Delhi,Mechanical,2025,73,85,80
1861,Tanya Jain,Indore,Computer Science,2025,70,81,70
1862,Sneha Reddy,Indore,Mechanical,2025,64,78,67
1863,Arjun Singh,Indore,IT,2023,78,74,65
1864,Arjun Singh,Ahmedabad,Computer Science,2024,90,80,85
1865,Tanya Jain,Ahmedabad,Information Tech,2025,65,94,78
1866,Rahul Mehta,Indore,Computer Science,2025,80,89,76
1867,Tanya Jain,Delhi,Electrical,2023,66,82,90
1868,Arjun Singh,Pune,Mechanical,2025,88,94,89
1869,Ananya Sharma,Indore,IT,2024,60,92,78
1870,Vishal Dubey,Hyderabad,IT,2023,66,92,69
1871,Karan Verma,Delhi,Mechanical,2024,77,95,86
1872,Vishal Dubey,Indore,Civil,2024,74,70,70
1873,Tanya Jain,Delhi,Civil,2023,82,78,76
1874,Ananya Sharma,Delhi,Electronics,2023,79,73,77
1875,Ananya Sharma,Delhi,Information Tech,2025,70,81,67
1876,Vishal Dubey,Mumbai,IT,2024,62,93,71
1877,Karan Verma,Bangalore,Electronics,2025,88,82,74
1878,Arjun Singh,Delhi,Electrical,2023,82,89,70
1879,Priya Gupta,Chennai,Civil,2024,65,93,85
1880,Sneha Reddy,Delhi,Electronics,2025,87,80,74
1881,Vishal Dubey,Pune,Civil,2025,70,84,68
1882,Karan Verma,Jaipur,Electronics,2023,60,92,83
1883,Tanya Jain,Ahmedabad,Mechanical,2025,80,83,68
1884,Karan Verma,Hyderabad,Electrical,2023,87,93,75
1885,Meera Iyer,Ahmedabad,Information Tech,2024,63,84,85
1886,Sneha Reddy,Hyderabad,Information Tech,2023,67,79,67
1887,Arjun Singh,Pune,Information Tech,2024,67,71,83
1888,Vishal Dubey,Chennai,IT,2024,86,70,71
1889,Priya Gupta,Delhi,Computer Science,2023,77,95,77
1890,Arjun Singh,Ahmedabad,Electronics,2023,66,87,72
1891,Ravi Patel,Ahmedabad,IT,2023,74,95,82
1892,Priya Gupta,Jaipur,Electronics,2025,75,79,80
1893,Vishal Dubey,Lucknow,Information Tech,2024,69,90,67
1894,Karan Verma,Ahmedabad,Electrical,2023,90,83,89
1895,Ravi Patel,Hyderabad,Computer Science,2024,85,92,85
1896,Rahul Mehta,Delhi,Mechanical,2024,65,84,89
1897,Rahul Mehta,Indore,Electronics,2025,88,78,73
1898,Sneha Reddy,Pune,Electronics,2023,82,89,83
1899,Karan Verma,Chennai,IT,2023,64,80,87
1900,Vishal Dubey,Mumbai,Electrical,2025,82,73,75
1901,Rahul Mehta,Pune,Electrical,2023,87,82,87
1902,Vishal Dubey,Hyderabad,Electrical,2024,70,78,76
1903,Vishal Dubey,Delhi,Computer Science,2023,62,76,68
1904,Sneha Reddy,Ahmedabad,Mechanical,2025,73,91,70
1905,Ananya Sharma,Chennai,Mechanical,2024,69,76,78
1906,Tanya Jain,Chennai,Electronics,2025,88,95,81
1907,Karan Verma,Pune,Mechanical,2025,78,89,68
1908,Priya Gupta,Ahmedabad,Electronics,2025,84,71,67
1909,Vishal Dubey,Jaipur,Civil,2024,63,73,84
1910,Arjun Singh,Chennai,Information Tech,2023,85,70,72
1911,Ananya Sharma,Mumbai,Mechanical,2025,82,79,76
1912,Karan Verma,Bangalore,Mechanical,2023,73,92,74
1913,Arjun Singh,Ahmedabad,Electrical,2024,69,92,86
1914,Karan Verma,Pune,Computer Science,2023,76,72,88
1915,Karan Verma,Chennai,IT,2025,62,86,75
1916,Tanya Jain,Chennai,Electronics,2024,75,76,89
1917,Vishal Dubey,Delhi,Electronics,2023,80,91,67
1918,Tanya Jain,Indore,Computer Science,2024,76,73,82
1919,Rahul Mehta,Indore,Electronics,2024,68,88,82
1920,Karan Verma,Indore,Mechanical,2023,66,85,69
1921,Sneha Reddy,Pune,Information Tech,2025,67,82,79
1922,Ananya Sharma,Chennai,IT,2023,81,81,79
1923,Priya Gupta,Pune,Electronics,2025,74,85,74
1924,Meera Iyer,Jaipur,Information Tech,2023,60,91,66
1925,Tanya Jain,Mumbai,Civil,2025,70,88,74
1926,Rahul Mehta,Chennai,Computer Science,2023,67,80,67
1927,Meera Iyer,Jaipur,Information Tech,2023,88,85,69
1928,Sneha Reddy,Jaipur,IT,2025,70,85,86
1929,Meera Iyer,Delhi,Civil,2023,62,82,72
1930,Tanya Jain,Ahmedabad,Computer Science,2025,64,77,66
1931,Meera Iyer,Bangalore,Mechanical,2023,77,79,78
1932,Meera Iyer,Mumbai,Information Tech,2025,79,91,73
1933,Arjun Singh,Chennai,Civil,2024,60,83,76
1934,Vishal Dubey,Mumbai,Information Tech,2025,86,94,83
1935,Rahul Mehta,Ahmedabad,Mechanical,2024,61,71,72
1936,Ravi Patel,Jaipur,Information Tech,2023,85,76,65
1937,Ravi Patel,Indore,Mechanical,2024,72,78,65
1938,Vishal Dubey,Indore,Electrical,2025,83,85,87
1939,Vishal Dubey,Pune,Electrical,2025,86,75,74
1940,Sneha Reddy,Jaipur,Electronics,2025,87,89,82
1941,Rahul Mehta,Bangalore,IT,2025,63,95,90
1942,Rahul Mehta,Delhi,Electrical,2023,64,91,80
1943,Ravi Patel,Indore,Mechanical,2024,88,88,72
1944,Karan Verma,Mumbai,Civil,2025,67,79,77
1945,Ananya Sharma,Bangalore,Mechanical,2024,72,90,80
1946,Karan Verma,Chennai,Computer Science,2023,82,92,70
1947,Meera Iyer,Mumbai,Electrical,2024,63,86,73
1948,Meera Iyer,Ahmedabad,Electrical,2025,66,90,72
1949,Ananya Sharma,Indore,IT,2024,77,72,81
1950,Arjun Singh,Jaipur,Mechanical,2024,69,73,71
1951,Priya Gupta,Lucknow,Mechanical,2024,82,92,67
1952,Vishal Dubey,Bangalore,IT,2024,83,74,75
1953,Karan Verma,Delhi,IT,2025,77,84,70
1954,Arjun Singh,Hyderabad,Electrical,2024,87,73,83
1955,Ravi Patel,Bangalore,Civil,2023,77,89,66
1956,Ravi Patel,Ahmedabad,Computer Science,2023,72,90,70
1957,Vishal Dubey,Chennai,IT,2023,74,85,75
1958,Priya Gupta,Mumbai,Information Tech,2024,67,75,85
1959,Karan Verma,Bangalore,Civil,2025,78,94,68
1960,Ravi Patel,Chennai,Mechanical,2024,78,73,85
1961,Ananya Sharma,Lucknow,Civil,2025,87,82,66
1962,Tanya Jain,Ahmedabad,Mechanical,2025,78,92,76
1963,Rahul Mehta,Ahmedabad,Computer Science,2025,62,82,89
1964,Priya Gupta,Bangalore,Mechanical,2025,71,71,86
1965,Arjun Singh,Lucknow,IT,2024,88,94,77
1966,Arjun Singh,Chennai,Electronics,2025,72,79,71
1967,Tanya Jain,Indore,Electrical,2024,77,82,70
1968,Karan Verma,Bangalore,Information Tech,2023,68,92,86
1969,Meera Iyer,Lucknow,Electrical,2025,87,76,66
1970,Tanya Jain,Bangalore,Civil,2023,86,80,78
1971,Rahul Mehta,Ahmedabad,Computer Science,2024,76,95,77
1972,Ravi Patel,Lucknow,Information Tech,2023,83,93,83
1973,Rahul Mehta,Lucknow,Civil,2024,80,95,77
1974,Meera Iyer,Lucknow,Electrical,2023,72,73,85
1975,Vishal Dubey,Lucknow,Mechanical,2024,67,72,65
1976,Vishal Dubey,Pune,Electrical,2023,63,90,88
1977,Ravi Patel,Delhi,IT,2025,79,94,90
1978,Sneha Reddy,Mumbai,Electrical,2025,81,75,87
1979,Vishal Dubey,Lucknow,Electronics,2023,83,86,83
1980,Meera Iyer,Delhi,Information Tech,2024,76,89,67
1981,Vishal Dubey,Indore,Information Tech,2025,90,77,83
1982,Karan Verma,Chennai,Electronics,2024,69,93,84
1983,Ananya Sharma,Mumbai,Information Tech,2024,68,94,72
1984,Ravi Patel,Delhi,IT,2024,79,85,70
1985,Arjun Singh,Mumbai,Electrical,2023,89,72,73
1986,Ananya Sharma,Hyderabad,Civil,2025,62,80,78
1987,Ravi Patel,Jaipur,IT,2023,74,86,85
1988,Sneha Reddy,Pune,Electrical,2023,90,75,89
1989,Ananya Sharma,Ahmedabad,Electrical,2024,69,87,70
1990,Sneha Reddy,Jaipur,Information Tech,2023,81,83,80
1991,Sneha Reddy,Lucknow,Computer Science,2025,68,79,89
1992,Meera Iyer,Indore,IT,2025,87,89,68
1993,Rahul Mehta,Hyderabad,Mechanical,2024,78,93,75
1994,Ananya Sharma,Delhi,IT,2024,65,87,88
1995,Ananya Sharma,Chennai,Information Tech,2023,69,71,78
1996,Ravi Patel,Jaipur,Civil,2025,84,92,81
1997,Sneha Reddy,Hyderabad,Electronics,2024,74,89,66
1998,Priya Gupta,Jaipur,Mechanical,2023,87,75,85
1999,Ravi Patel,Pune,Information Tech,2025,66,93,83
2000,Rahul Mehta,Ahmedabad,Electrical,2023,76,90,84
2001,Meera Iyer,Lucknow,Electronics,2024,61,77,89
2002,Ananya Sharma,Mumbai,Civil,2024,80,78,71
2003,Karan Verma,Hyderabad,Mechanical,2025,68,89,79
2004,Priya Gupta,Jaipur,Electrical,2023,76,92,73
2005,Rahul Mehta,Pune,Electrical,2024,71,74,74
2006,Arjun Singh,Delhi,Electrical,2024,75,75,79
2007,Karan Verma,Mumbai,Computer Science,2025,63,87,76
2008,Ravi Patel,Chennai,Civil,2025,65,85,70
2009,Ravi Patel,Bangalore,Civil,2023,79,91,86
2010,Vishal Dubey,Hyderabad,Information Tech,2025,65,78,84
2011,Arjun Singh,Ahmedabad,Computer Science,2024,84,76,78
2012,Priya Gupta,Indore,Information Tech,2023,83,80,71
2013,Karan Verma,Bangalore,Electronics,2025,66,89,81
2014,Karan Verma,Hyderabad,Computer Science,2024,67,93,81
2015,Priya Gupta,Chennai,Computer Science,2025,81,84,88
2016,Ravi Patel,Hyderabad,Computer Science,2024,62,81,75
2017,Arjun Singh,Mumbai,IT,2025,62,80,87
2018,Ravi Patel,Delhi,Electronics,2025,61,75,75
2019,Arjun Singh,Hyderabad,Civil,2023,74,73,71
2020,Priya Gupta,Jaipur,IT,2023,65,88,77
2021,Vishal Dubey,Pune,IT,2025,72,85,76
2022,Rahul Mehta,Bangalore,Electronics,2023,68,92,73
2023,Arjun Singh,Ahmedabad,Civil,2023,69,72,84
2024,Meera Iyer,Jaipur,Computer Science,2025,73,87,86
2025,Ravi Patel,Mumbai,IT,2023,78,87,68
2026,Karan Verma,Indore,IT,2024,79,87,82
2027,Ananya Sharma,Ahmedabad,Civil,2025,87,83,84
2028,Priya Gupta,Pune,Civil,2024,71,90,88
2029,Ananya Sharma,Mumbai,Electrical,2025,72,95,75
2030,Ravi Patel,Bangalore,Information Tech,2025,71,78,90
2031,Priya Gupta,Chennai,Electrical,2023,66,71,76
2032,Ananya Sharma,Chennai,Information Tech,2024,63,73,72
2033,Arjun Singh,Chennai,Civil,2025,90,79,85
2034,Meera Iyer,Mumbai,Information Tech,2024,75,89,69
2035,Ananya Sharma,Bangalore,Information Tech,2024,75,90,73
2036,Karan Verma,Delhi,IT,2024,62,90,74
2037,Arjun Singh,Lucknow,Electrical,2025,83,72,76
2038,Ravi Patel,Pune,Electronics,2025,69,74,68
2039,Tanya Jain,Delhi,Computer Science,2024,78,93,82
2040,Sneha Reddy,Bangalore,Information Tech,2025,60,86,68
2041,Tanya Jain,Lucknow,Electronics,2023,71,84,71
2042,Meera Iyer,Chennai,Electrical,2025,66,83,69
2043,Vishal Dubey,Jaipur,Civil,2024,81,90,78
2044,Tanya Jain,Lucknow,Electronics,2024,75,76,71
2045,Sneha Reddy,Hyderabad,Civil,2023,64,71,77
2046,Ravi Patel,Bangalore,Electrical,2025,60,85,66
2047,Arjun Singh,Mumbai,Computer Science,2023,61,94,69
2048,Meera Iyer,Ahmedabad,Electronics,2024,89,81,68
2049,Sneha Reddy,Indore,Electronics,2025,65,94,68
2050,Sneha Reddy,Delhi,Electrical,2024,75,88,83
2051,Meera Iyer,Lucknow,Civil,2025,86,79,67
2052,Rahul Mehta,Hyderabad,Electronics,2024,89,91,78
2053,Rahul Mehta,Jaipur,Mechanical,2023,72,85,88
2054,Arjun Singh,Jaipur,Electronics,2023,77,80,86
2055,Priya Gupta,Hyderabad,Computer Science,2025,67,82,77
2056,Sneha Reddy,Indore,Electronics,2025,86,91,69
2057,Tanya Jain,Pune,IT,2025,70,94,88
2058,Ravi Patel,Pune,IT,2025,67,94,83
2059,Ananya Sharma,Jaipur,Electrical,2025,71,94,69
2060,Karan Verma,Bangalore,Electronics,2025,73,77,88
2061,Priya Gupta,Chennai,Electrical,2023,70,73,87
2062,Sneha Reddy,Mumbai,Computer Science,2024,61,77,65
2063,Ananya Sharma,Pune,Computer Science,2023,73,73,77
2064,Ananya Sharma,Indore,Computer Science,2023,66,85,79
2065,Meera Iyer,Ahmedabad,Electronics,2023,78,89,72
2066,Meera Iyer,Ahmedabad,Civil,2025,77,91,79
2067,Karan Verma,Pune,Information Tech,2024,86,86,89
2068,Vishal Dubey,Ahmedabad,Computer Science,2023,84,92,82
2069,Meera Iyer,Hyderabad,Mechanical,2024,73,74,89
2070,Karan Verma,Delhi,Mechanical,2023,66,89,74
2071,Rahul Mehta,Indore,Computer Science,2023,87,92,77
2072,Ravi Patel,Lucknow,Mechanical,2024,83,94,85
2073,Vishal Dubey,Hyderabad,Computer Science,2023,79,83,71
2074,Karan Verma,Mumbai,IT,2023,75,70,81
2075,Karan Verma,Delhi,Civil,2024,73,79,80
2076,Sneha Reddy,Ahmedabad,Computer Science,2024,85,75,88
2077,Vishal Dubey,Ahmedabad,IT,2024,65,92,71
2078,Sneha Reddy,Pune,Computer Science,2023,61,82,84
2079,Priya Gupta,Ahmedabad,Computer Science,2023,61,89,68
2080,Vishal Dubey,Ahmedabad,IT,2025,83,94,79
2081,Ravi Patel,Jaipur,Civil,2024,68,81,85
2082,Rahul Mehta,Chennai,IT,2025,63,75,83
2083,Rahul Mehta,Jaipur,Information Tech,2024,81,87,80
2084,Ananya Sharma,Ahmedabad,Electrical,2025,67,94,78
2085,Sneha Reddy,Chennai,Mechanical,2024,76,73,73
2086,Karan Verma,Ahmedabad,Electronics,2025,75,87,68
2087,Sneha Reddy,Lucknow,IT,2023,89,74,87
2088,Sneha Reddy,Indore,Mechanical,2024,84,76,87
2089,Sneha Reddy,Ahmedabad,IT,2023,80,75,80
2090,Ananya Sharma,Jaipur,Electronics,2025,78,85,85
2091,Vishal Dubey,Lucknow,Mechanical,2023,62,85,66
2092,Rahul Mehta,Indore,Electronics,2025,64,86,67
2093,Karan Verma,Delhi,Electrical,2025,79,80,70
2094,Meera Iyer,Indore,Mechanical,2024,64,90,65
2095,Karan Verma,Chennai,Mechanical,2024,83,84,90
2096,Arjun Singh,Delhi,Civil,2023,86,74,72
2097,Rahul Mehta,Ahmedabad,IT,2023,90,82,86
2098,Karan Verma,Indore,Electronics,2025,79,93,71
2099,Meera Iyer,Delhi,Computer Science,2024,76,81,79
2100,Karan Verma,Ahmedabad,Electronics,2023,79,84,72
2101,Rahul Mehta,Jaipur,IT,2025,77,83,72
2102,Priya Gupta,Bangalore,Electronics,2025,74,88,87
2103,Tanya Jain,Jaipur,IT,2023,62,75,81
2104,Ravi Patel,Hyderabad,IT,2024,81,95,79
2105,Rahul Mehta,Delhi,Information Tech,2024,85,82,86
2106,Vishal Dubey,Hyderabad,Electronics,2025,80,90,80
2107,Ananya Sharma,Chennai,Information Tech,2025,83,91,80
2108,Arjun Singh,Jaipur,IT,2024,70,79,74
2109,Arjun Singh,Chennai,Information Tech,2023,67,78,86
2110,Priya Gupta,Ahmedabad,Information Tech,2023,86,81,68
2111,Vishal Dubey,Indore,Mechanical,2023,88,90,84
2112,Tanya Jain,Delhi,Information Tech,2025,87,74,71
2113,Ananya Sharma,Bangalore,Electronics,2024,76,90,76
2114,Sneha Reddy,Jaipur,Civil,2024,76,76,78
2115,Meera Iyer,Indore,Electronics,2023,76,82,71
2116,Tanya Jain,Bangalore,Civil,2024,67,82,77
2117,Sneha Reddy,Mumbai,IT,2025,76,85,87
2118,Arjun Singh,Mumbai,Mechanical,2023,78,81,69
2119,Arjun Singh,Lucknow,IT,2024,64,92,74
2120,Ravi Patel,Hyderabad,Civil,2025,74,77,67
2121,Tanya Jain,Ahmedabad,Computer Science,2024,63,92,65
2122,Vishal Dubey,Lucknow,Civil,2024,61,86,84
2123,Priya Gupta,Chennai,Mechanical,2023,76,94,75
2124,Ananya Sharma,Jaipur,Mechanical,2025,85,93,72
2125,Sneha Reddy,Indore,IT,2023,65,88,85
2126,Rahul Mehta,Pune,Information Tech,2023,76,84,66
2127,Meera Iyer,Delhi,Electrical,2025,71,90,73
2128,Priya Gupta,Delhi,Electronics,2023,80,78,84
2129,Rahul Mehta,Chennai,IT,2024,64,76,69
2130,Arjun Singh,Jaipur,IT,2025,72,90,74
2131,Vishal Dubey,Hyderabad,Electronics,2023,86,94,70
2132,Arjun Singh,Indore,IT,2023,66,83,84
2133,Priya Gupta,Mumbai,Computer Science,2025,81,78,73
2134,Ravi Patel,Jaipur,Information Tech,2025,74,71,72
2135,Meera Iyer,Lucknow,Civil,2024,83,80,84
2136,Tanya Jain,Jaipur,Information Tech,2024,63,72,83
2137,Arjun Singh,Ahmedabad,IT,2023,63,75,83
2138,Arjun Singh,Pune,Civil,2023,64,71,79
2139,Ananya Sharma,Indore,Electrical,2025,66,81,87
2140,Ravi Patel,Jaipur,Civil,2023,75,71,69
2141,Meera Iyer,Indore,Electrical,2023,65,92,85
2142,Rahul Mehta,Hyderabad,Mechanical,2023,74,81,66
2143,Arjun Singh,Lucknow,Electronics,2024,77,88,86
2144,Ananya Sharma,Mumbai,Electrical,2024,68,82,79
2145,Tanya Jain,Chennai,IT,2023,78,92,81
2146,Rahul Mehta,Lucknow,Information Tech,2025,84,78,75
2147,Karan Verma,Lucknow,IT,2025,80,85,76
2148,Rahul Mehta,Mumbai,IT,2024,66,71,78
2149,Vishal Dubey,Hyderabad,Electrical,2023,88,91,87
2150,Rahul Mehta,Indore,Electronics,2025,76,76,80
2151,Tanya Jain,Indore,Electronics,2024,71,92,84
2152,Arjun Singh,Lucknow,Mechanical,2025,69,79,77
2153,Sneha Reddy,Mumbai,Information Tech,2023,74,86,65
2154,Ravi Patel,Bangalore,Information Tech,2023,61,88,89
2155,Karan Verma,Ahmedabad,Electrical,2025,75,82,72
2156,Priya Gupta,Lucknow,IT,2023,82,73,72
2157,Tanya Jain,Chennai,Electronics,2024,74,84,74
2158,Ravi Patel,Hyderabad,Mechanical,2024,85,78,67
2159,Arjun Singh,Jaipur,IT,2023,81,94,77
2160,Tanya Jain,Indore,Electronics,2023,62,87,84
2161,Arjun Singh,Hyderabad,Information Tech,2025,61,88,82
2162,Meera Iyer,Pune,Electronics,2024,90,87,90
2163,Vishal Dubey,Hyderabad,Information Tech,2023,70,80,83
2164,Meera Iyer,Pune,Electrical,2023,72,72,71
2165,Tanya Jain,Delhi,Information Tech,2024,72,82,84
2166,Vishal Dubey,Mumbai,Information Tech,2025,67,82,77
2167,Meera Iyer,Delhi,Computer Science,2025,62,91,68
2168,Ravi Patel,Delhi,Civil,2024,76,79,76
2169,Tanya Jain,Hyderabad,Civil,2025,80,85,69
2170,Priya Gupta,Pune,Information Tech,2025,60,80,78
2171,Arjun Singh,Lucknow,Computer Science,2023,72,74,66
2172,Ravi Patel,Pune,IT,2025,69,76,70
2173,Sneha Reddy,Bangalore,Civil,2023,74,86,74
2174,Ravi Patel,Hyderabad,Civil,2023,75,77,78
2175,Ananya Sharma,Pune,Electronics,2023,66,70,77
2176,Tanya Jain,Delhi,Civil,2024,80,84,81
2177,Vishal Dubey,Ahmedabad,Electrical,2024,71,73,75
2178,Meera Iyer,Mumbai,Civil,2025,73,87,83
2179,Tanya Jain,Indore,Computer Science,2025,90,75,76
2180,Sneha Reddy,Indore,Civil,2023,76,75,71
2181,Ananya Sharma,Chennai,Mechanical,2025,83,87,79
2182,Arjun Singh,Indore,Electronics,2025,73,80,76
2183,Ravi Patel,Jaipur,IT,2024,85,88,77
2184,Tanya Jain,Delhi,Electrical,2024,80,81,66
2185,Priya Gupta,Mumbai,Information Tech,2024,71,83,70
2186,Tanya Jain,Indore,Computer Science,2024,79,92,77
2187,Karan Verma,Hyderabad,Electronics,2025,67,91,70
2188,Karan Verma,Chennai,Electronics,2023,60,81,81
2189,Karan Verma,Jaipur,Computer Science,2024,60,76,75
2190,Karan Verma,Lucknow,Electronics,2024,82,85,76
2191,Arjun Singh,Chennai,Electrical,2024,61,83,83
2192,Arjun Singh,Delhi,IT,2023,66,92,85
2193,Vishal Dubey,Ahmedabad,Civil,2025,66,90,84
2194,Karan Verma,Ahmedabad,Information Tech,2024,80,74,86
2195,Priya Gupta,Ahmedabad,Mechanical,2023,87,78,88
2196,Tanya Jain,Delhi,Computer Science,2025,89,77,66
2197,Sneha Reddy,Mumbai,Mechanical,2024,79,87,80
2198,Arjun Singh,Mumbai,Electrical,2023,65,70,74
2199,Karan Verma,Delhi,Electrical,2025,62,88,67
2200,Rahul Mehta,Mumbai,Civil,2025,61,91,88
2201,Tanya Jain,Bangalore,IT,2023,86,88,74
2202,Meera Iyer,Ahmedabad,Information Tech,2025,88,90,78
2203,Ananya Sharma,Hyderabad,IT,2024,64,85,79
2204,Ananya Sharma,Chennai,Electronics,2024,90,83,73
2205,Tanya Jain,Bangalore,Mechanical,2024,69,83,84
2206,Meera Iyer,Jaipur,Mechanical,2024,77,79,82
2207,Meera Iyer,Ahmedabad,Electronics,2025,87,75,77
2208,Meera Iyer,Jaipur,Information Tech,2023,73,73,81
2209,Karan Verma,Mumbai,IT,2024,84,89,72
2210,Ananya Sharma,Pune,Computer Science,2025,81,79,78
2211,Priya Gupta,Pune,Electrical,2024,72,75,79
2212,Vishal Dubey,Pune,Electronics,2023,70,74,71
2213,Meera Iyer,Indore,Civil,2023,74,78,78
2214,Meera Iyer,Bangalore,Electronics,2024,64,94,77
2215,Rahul Mehta,Lucknow,Electronics,2025,76,91,87
2216,Tanya Jain,Bangalore,Electrical,2024,72,77,66
2217,Sneha Reddy,Hyderabad,Electrical,2023,73,93,80
2218,Ravi Patel,Ahmedabad,IT,2024,63,77,80
2219,Arjun Singh,Hyderabad,Mechanical,2023,79,82,72
2220,Priya Gupta,Delhi,Mechanical,2024,89,73,72
2221,Ravi Patel,Chennai,Civil,2025,65,87,87
2222,Ravi Patel,Indore,IT,2023,62,76,71
2223,Vishal Dubey,Delhi,Mechanical,2025,83,82,65
2224,Meera Iyer,Hyderabad,Computer Science,2023,82,73,88
2225,Sneha Reddy,Bangalore,IT,2024,71,87,74
2226,Vishal Dubey,Pune,IT,2024,77,71,83
2227,Ananya Sharma,Chennai,Electronics,2025,71,76,69
2228,Vishal Dubey,Lucknow,Computer Science,2024,70,91,67
2229,Ravi Patel,Chennai,Information Tech,2025,88,84,90
2230,Ravi Patel,Hyderabad,Computer Science,2024,67,86,80
2231,Vishal Dubey,Delhi,Electronics,2024,74,87,81
2232,Arjun Singh,Jaipur,Electronics,2024,78,76,80
2233,Tanya Jain,Bangalore,Electrical,2023,88,78,71
2234,Ananya Sharma,Chennai,Mechanical,2023,69,70,75
2235,Ravi Patel,Ahmedabad,Electrical,2024,64,73,71
2236,Karan Verma,Mumbai,Mechanical,2025,70,72,78
2237,Sneha Reddy,Jaipur,Mechanical,2023,75,86,77
2238,Meera Iyer,Ahmedabad,Mechanical,2024,62,71,65
2239,Ravi Patel,Indore,Civil,2025,68,77,90
2240,Meera Iyer,Delhi,Electrical,2024,68,84,67
2241,Arjun Singh,Delhi,Civil,2023,87,76,81
2242,Rahul Mehta,Chennai,Electrical,2025,85,77,74
2243,Ananya Sharma,Lucknow,Electrical,2025,78,80,83
2244,Tanya Jain,Lucknow,Civil,2023,67,81,87
2245,Vishal Dubey,Jaipur,IT,2023,75,80,80
2246,Karan Verma,Delhi,Computer Science,2023,88,71,71
2247,Karan Verma,Pune,Civil,2024,79,90,82
2248,Priya Gupta,Mumbai,Civil,2023,86,71,71
2249,Vishal Dubey,Mumbai,Civil,2024,70,78,82
2250,Vishal Dubey,Pune,Mechanical,2023,80,71,68
2251,Tanya Jain,Ahmedabad,Electrical,2023,66,88,88
2252,Sneha Reddy,Ahmedabad,Mechanical,2024,83,76,87
2253,Karan Verma,Chennai,Civil,2024,84,89,83
2254,Karan Verma,Ahmedabad,Electronics,2025,63,74,81
2255,Vishal Dubey,Delhi,Electronics,2025,65,91,67
2256,Ananya Sharma,Lucknow,Electrical,2023,61,80,68
2257,Ananya Sharma,Indore,Electronics,2025,72,93,73
2258,Ananya Sharma,Pune,Mechanical,2023,62,81,72
2259,Arjun Singh,Chennai,Civil,2023,79,76,88
2260,Vishal Dubey,Mumbai,Civil,2024,64,76,70
2261,Karan Verma,Bangalore,Electronics,2023,62,90,74
2262,Vishal Dubey,Delhi,Information Tech,2024,61,92,65
2263,Meera Iyer,Ahmedabad,IT,2024,61,91,82
2264,Karan Verma,Indore,Computer Science,2023,66,75,87
2265,Karan Verma,Delhi,Information Tech,2025,61,86,72
2266,Ravi Patel,Jaipur,IT,2023,67,86,88
2267,Ravi Patel,Indore,Computer Science,2023,65,90,66
2268,Ravi Patel,Lucknow,Mechanical,2023,61,74,70
2269,Sneha Reddy,Bangalore,Information Tech,2025,82,85,65
2270,Ananya Sharma,Ahmedabad,IT,2023,84,75,74
2271,Priya Gupta,Mumbai,Information Tech,2023,60,81,86
2272,Vishal Dubey,Pune,Electronics,2023,66,93,66
2273,Ravi Patel,Chennai,Mechanical,2025,80,79,74
2274,Karan Verma,Pune,Information Tech,2023,61,72,71
2275,Rahul Mehta,Hyderabad,Electrical,2023,68,91,88
2276,Sneha Reddy,Bangalore,IT,2025,87,86,76
2277,Arjun Singh,Jaipur,Mechanical,2025,77,88,77
2278,Rahul Mehta,Delhi,Civil,2025,75,77,87
2279,Meera Iyer,Jaipur,Electronics,2023,82,85,81
2280,Ravi Patel,Pune,Information Tech,2023,74,82,78
2281,Vishal Dubey,Bangalore,Civil,2024,66,81,77
2282,Rahul Mehta,Lucknow,IT,2024,68,70,68
2283,Meera Iyer,Lucknow,Electronics,2024,71,80,87
2284,Rahul Mehta,Indore,Electrical,2025,64,78,65
2285,Ravi Patel,Pune,IT,2024,87,80,88
2286,Ananya Sharma,Jaipur,Civil,2024,89,81,88
2287,Ananya Sharma,Mumbai,Computer Science,2024,86,73,72
2288,Karan Verma,Bangalore,Information Tech,2025,89,86,75
2289,Ananya Sharma,Lucknow,Electrical,2023,77,77,69
2290,Arjun Singh,Mumbai,Electronics,2024,80,89,66
2291,Ananya Sharma,Jaipur,Electronics,2024,84,89,76
2292,Sneha Reddy,Lucknow,Civil,2024,67,77,75
2293,Priya Gupta,Ahmedabad,Computer Science,2025,63,78,86
2294,Sneha Reddy,Hyderabad,Civil,2023,79,89,86
2295,Sneha Reddy,Delhi,IT,2025,83,83,89
2296,Vishal Dubey,Chennai,Computer Science,2025,63,86,84
2297,Priya Gupta,Hyderabad,Mechanical,2023,76,72,69
2298,Ananya Sharma,Lucknow,Electrical,2024,73,70,74
2299,Vishal Dubey,Chennai,Civil,2025,85,74,86
2300,Meera Iyer,Chennai,Mechanical,2024,83,90,79
2301,Ananya Sharma,Bangalore,Mechanical,2025,76,87,81
2302,Rahul Mehta,Pune,Civil,2024,66,71,83
2303,Sneha Reddy,Bangalore,Computer Science,2023,78,93,79
2304,Ravi Patel,Chennai,Civil,2025,82,74,78
2305,Sneha Reddy,Lucknow,Electrical,2024,71,85,87
2306,Ananya Sharma,Ahmedabad,Mechanical,2025,81,80,84
2307,Karan Verma,Hyderabad,Information Tech,2023,84,91,77
2308,Rahul Mehta,Delhi,Civil,2023,64,74,76
2309,Meera Iyer,Lucknow,IT,2025,86,91,72
2310,Arjun Singh,Lucknow,Information Tech,2025,66,87,69
2311,Ananya Sharma,Indore,Electronics,2024,68,83,67
2312,Karan Verma,Mumbai,Mechanical,2024,61,90,89
2313,Sneha Reddy,Indore,Civil,2025,62,78,72
2314,Meera Iyer,Pune,Electrical,2024,84,72,77
2315,Tanya Jain,Mumbai,Electrical,2025,70,84,74
2316,Ananya Sharma,Delhi,Mechanical,2024,83,85,78
2317,Ravi Patel,Delhi,Computer Science,2024,70,80,83
2318,Karan Verma,Ahmedabad,IT,2024,80,86,90
2319,Vishal Dubey,Pune,Electrical,2025,67,93,85
2320,Vishal Dubey,Bangalore,Information Tech,2023,88,86,73
2321,Rahul Mehta,Chennai,Electrical,2025,87,91,82
2322,Tanya Jain,Lucknow,Electrical,2023,69,92,70
2323,Ananya Sharma,Pune,Mechanical,2023,74,91,77
2324,Ananya Sharma,Delhi,Mechanical,2023,69,81,78
2325,Priya Gupta,Jaipur,Mechanical,2025,81,79,86
2326,Rahul Mehta,Indore,Electronics,2023,65,78,84
2327,Priya Gupta,Bangalore,Mechanical,2025,66,83,82
2328,Priya Gupta,Hyderabad,Electrical,2023,80,89,76
2329,Ananya Sharma,Mumbai,IT,2025,68,94,72
2330,Ravi Patel,Lucknow,Electronics,2024,81,71,84
2331,Tanya Jain,Indore,Electrical,2024,71,76,74
2332,Sneha Reddy,Lucknow,Electronics,2024,65,87,66
2333,Sneha Reddy,Bangalore,IT,2025,74,77,74
2334,Priya Gupta,Ahmedabad,Electronics,2024,84,75,74
2335,Vishal Dubey,Jaipur,Information Tech,2025,72,77,81
2336,Priya Gupta,Hyderabad,Computer Science,2023,85,95,73
2337,Sneha Reddy,Ahmedabad,Mechanical,2025,86,76,84
2338,Ravi Patel,Pune,Electrical,2024,72,89,76
2339,Arjun Singh,Lucknow,Civil,2024,79,71,82
2340,Ravi Patel,Hyderabad,Electrical,2025,69,93,77
2341,Arjun Singh,Lucknow,Computer Science,2023,65,75,79
2342,Karan Verma,Hyderabad,Information Tech,2025,86,86,82
2343,Karan Verma,Jaipur,IT,2024,67,75,75
2344,Sneha Reddy,Indore,Electronics,2023,89,84,74
2345,Ananya Sharma,Lucknow,Mechanical,2025,81,87,74
2346,Ravi Patel,Bangalore,IT,2025,71,88,77
2347,Arjun Singh,Delhi,Electronics,2025,77,80,73
2348,Ravi Patel,Ahmedabad,IT,2023,85,82,83
2349,Ravi Patel,Hyderabad,Civil,2023,81,70,75
2350,Ananya Sharma,Jaipur,Mechanical,2024,71,78,80
2351,Rahul Mehta,Hyderabad,Information Tech,2025,64,90,70
2352,Ravi Patel,Bangalore,Electronics,2025,86,89,74
2353,Ravi Patel,Indore,Electronics,2025,89,82,67
2354,Ananya Sharma,Ahmedabad,Mechanical,2023,74,87,79
2355,Arjun Singh,Mumbai,Civil,2023,62,76,87
2356,Sneha Reddy,Delhi,IT,2024,77,77,80
2357,Rahul Mehta,Lucknow,Computer Science,2025,74,77,84
2358,Meera Iyer,Pune,Information Tech,2025,67,94,87
2359,Ravi Patel,Delhi,Computer Science,2025,70,87,89
2360,Arjun Singh,Mumbai,Computer Science,2024,68,73,81
2361,Sneha Reddy,Lucknow,Electrical,2023,73,95,83
2362,Ananya Sharma,Jaipur,Mechanical,2025,67,87,85
2363,Tanya Jain,Ahmedabad,Information Tech,2025,63,88,82
2364,Vishal Dubey,Mumbai,Computer Science,2025,82,91,72
2365,Arjun Singh,Delhi,IT,2025,76,88,81
2366,Rahul Mehta,Indore,Mechanical,2025,80,94,68
2367,Ravi Patel,Mumbai,Computer Science,2025,82,72,86
2368,Tanya Jain,Jaipur,Civil,2023,68,74,88
2369,Ravi Patel,Ahmedabad,Electronics,2025,76,82,85
2370,Rahul Mehta,Hyderabad,Civil,2025,63,81,89
2371,Arjun Singh,Indore,IT,2024,74,78,67
2372,Rahul Mehta,Bangalore,Civil,2023,89,86,86
2373,Ananya Sharma,Ahmedabad,IT,2023,81,93,81
2374,Rahul Mehta,Jaipur,IT,2023,88,70,85
2375,Ravi Patel,Jaipur,IT,2023,69,78,85
2376,Vishal Dubey,Pune,IT,2024,67,73,70
2377,Ananya Sharma,Hyderabad,Civil,2024,90,72,66
2378,Sneha Reddy,Bangalore,Electrical,2024,60,80,71
2379,Ananya Sharma,Bangalore,IT,2025,77,93,78
2380,Tanya Jain,Delhi,Mechanical,2025,70,71,81
2381,Vishal Dubey,Chennai,Electrical,2025,86,94,68
2382,Ravi Patel,Hyderabad,Civil,2023,70,83,77
2383,Meera Iyer,Jaipur,Information Tech,2023,76,91,81
2384,Arjun Singh,Chennai,Mechanical,2025,61,70,85
2385,Meera Iyer,Lucknow,Electrical,2024,66,74,70
2386,Tanya Jain,Ahmedabad,Mechanical,2024,64,94,65
2387,Rahul Mehta,Pune,IT,2024,67,79,72
2388,Sneha Reddy,Jaipur,Mechanical,2023,60,92,78
2389,Karan Verma,Pune,Civil,2024,64,76,79
2390,Tanya Jain,Chennai,Information Tech,2024,77,91,66
2391,Tanya Jain,Delhi,Electronics,2023,62,83,88
2392,Meera Iyer,Bangalore,Mechanical,2025,68,81,86
2393,Arjun Singh,Ahmedabad,IT,2025,68,82,73
2394,Tanya Jain,Delhi,Electronics,2023,61,73,66
2395,Sneha Reddy,Indore,Information Tech,2025,68,83,82
2396,Meera Iyer,Delhi,Civil,2024,78,77,75
2397,Sneha Reddy,Chennai,Computer Science,2023,89,93,68
2398,Ravi Patel,Mumbai,Mechanical,2023,87,75,81
2399,Tanya Jain,Bangalore,Information Tech,2025,66,95,73
2400,Ananya Sharma,Hyderabad,Electronics,2025,84,91,78
2401,Arjun Singh,Ahmedabad,IT,2023,62,72,69
2402,Arjun Singh,Delhi,Computer Science,2024,72,84,72
2403,Sneha Reddy,Bangalore,Mechanical,2023,71,86,73
2404,Arjun Singh,Indore,Computer Science,2025,71,91,82
2405,Vishal Dubey,Delhi,IT,2023,77,78,71
2406,Arjun Singh,Pune,IT,2025,87,89,68
2407,Meera Iyer,Pune,IT,2025,68,71,89
2408,Sneha Reddy,Hyderabad,IT,2025,89,95,86
2409,Sneha Reddy,Delhi,Mechanical,2024,90,78,82
2410,Karan Verma,Ahmedabad,Mechanical,2025,89,85,86
2411,Vishal Dubey,Lucknow,Electronics,2024,71,77,89
2412,Rahul Mehta,Delhi,Information Tech,2024,75,72,69
2413,Karan Verma,Chennai,Information Tech,2024,72,77,89
2414,Karan Verma,Indore,Computer Science,2023,76,86,68
2415,Rahul Mehta,Delhi,Information Tech,2024,68,74,85
2416,Karan Verma,Lucknow,IT,2024,72,94,76
2417,Ravi Patel,Indore,Civil,2023,63,93,81
2418,Tanya Jain,Mumbai,Electronics,2024,67,92,66
2419,Arjun Singh,Pune,Electrical,2025,71,71,74
2420,Arjun Singh,Lucknow,Electronics,2023,76,78,82
2421,Meera Iyer,Indore,Electronics,2025,61,86,81
2422,Meera Iyer,Indore,Civil,2023,83,80,82
2423,Ravi Patel,Chennai,Electronics,2023,76,75,68
2424,Sneha Reddy,Delhi,Civil,2023,87,93,88
2425,Ravi Patel,Chennai,IT,2023,71,94,84
2426,Ananya Sharma,Ahmedabad,Electrical,2023,65,85,82
2427,Karan Verma,Mumbai,Electronics,2023,65,80,66
2428,Tanya Jain,Chennai,IT,2025,63,83,88
2429,Vishal Dubey,Bangalore,IT,2024,84,89,71
2430,Meera Iyer,Hyderabad,Information Tech,2024,87,86,78
2431,Ravi Patel,Hyderabad,Electronics,2023,64,85,86
2432,Arjun Singh,Mumbai,Electronics,2023,80,86,69
2433,Rahul Mehta,Jaipur,Information Tech,2024,75,81,84
2434,Ananya Sharma,Pune,Computer Science,2024,63,81,86
2435,Ravi Patel,Mumbai,Mechanical,2025,68,76,74
2436,Sneha Reddy,Pune,Electronics,2024,73,75,70
2437,Tanya Jain,Hyderabad,Mechanical,2024,66,78,73
2438,Sneha Reddy,Delhi,Civil,2025,86,89,74
2439,Arjun Singh,Ahmedabad,Mechanical,2023,65,85,80
2440,Ananya Sharma,Lucknow,IT,2023,63,83,82
2441,Priya Gupta,Jaipur,IT,2025,84,92,67
2442,Ravi Patel,Hyderabad,Civil,2025,66,84,82
2443,Ravi Patel,Hyderabad,Electronics,2024,78,87,78
2444,Ravi Patel,Bangalore,Electronics,2024,88,93,81
2445,Meera Iyer,Pune,Civil,2024,75,86,84
2446,Ravi Patel,Ahmedabad,Computer Science,2025,83,86,67
2447,Ananya Sharma,Delhi,Mechanical,2025,86,71,72
2448,Priya Gupta,Mumbai,Civil,2025,69,87,71
2449,Rahul Mehta,Mumbai,Information Tech,2025,64,80,68
2450,Vishal Dubey,Indore,Mechanical,2025,61,91,71
2451,Ananya Sharma,Chennai,Computer Science,2024,77,89,81
2452,Sneha Reddy,Lucknow,Computer Science,2024,82,79,87
2453,Meera Iyer,Bangalore,IT,2025,83,83,76
2454,Sneha Reddy,Delhi,Electrical,2024,67,83,73
2455,Rahul Mehta,Mumbai,Electronics,2024,73,85,88
2456,Vishal Dubey,Mumbai,Information Tech,2024,86,87,80
2457,Vishal Dubey,Ahmedabad,Mechanical,2023,82,88,85
2458,Rahul Mehta,Ahmedabad,Mechanical,2024,81,87,89
2459,Vishal Dubey,Hyderabad,IT,2025,79,92,80
2460,Meera Iyer,Indore,Computer Science,2023,86,88,68
2461,Arjun Singh,Bangalore,Computer Science,2023,77,90,69
2462,Karan Verma,Mumbai,Computer Science,2024,89,92,79
2463,Karan Verma,Ahmedabad,Mechanical,2023,65,74,88
2464,Karan Verma,Jaipur,IT,2023,71,85,75
2465,Vishal Dubey,Hyderabad,IT,2024,61,83,75
2466,Karan Verma,Delhi,Civil,2023,87,82,88
2467,Ravi Patel,Mumbai,Electronics,2023,61,82,86
2468,Meera Iyer,Lucknow,Computer Science,2024,85,83,66
2469,Rahul Mehta,Ahmedabad,Mechanical,2025,77,73,87
2470,Rahul Mehta,Pune,Computer Science,2025,62,72,77
2471,Sneha Reddy,Mumbai,Civil,2023,62,73,83
2472,Tanya Jain,Delhi,IT,2023,83,84,84
2473,Karan Verma,Chennai,IT,2023,78,81,66
2474,Sneha Reddy,Lucknow,Information Tech,2025,76,88,68
2475,Meera Iyer,Mumbai,Civil,2023,87,73,87
2476,Priya Gupta,Bangalore,Electronics,2024,89,85,67
2477,Tanya Jain,Chennai,Electronics,2023,76,86,66
2478,Ravi Patel,Chennai,Electronics,2025,67,94,87
2479,Ananya Sharma,Ahmedabad,IT,2024,83,72,78
2480,Sneha Reddy,Lucknow,Electronics,2024,90,80,78
2481,Karan Verma,Pune,Electrical,2023,86,89,74
2482,Meera Iyer,Chennai,Information Tech,2025,85,94,79
2483,Ananya Sharma,Delhi,Information Tech,2024,79,93,90
2484,Ananya Sharma,Jaipur,Computer Science,2023,75,93,80
2485,Priya Gupta,Pune,Mechanical,2023,70,89,85
2486,Ananya Sharma,Delhi,IT,2025,79,74,88
2487,Arjun Singh,Ahmedabad,Mechanical,2023,80,94,75
2488,Tanya Jain,Pune,Electrical,2024,87,91,78
2489,Priya Gupta,Delhi,IT,2023,82,88,79
2490,Vishal Dubey,Lucknow,IT,2024,68,91,80
2491,Priya Gupta,Mumbai,Electronics,2024,85,81,77
2492,Tanya Jain,Chennai,Mechanical,2025,76,88,85
2493,Karan Verma,Hyderabad,Electrical,2024,71,88,82
2494,Ananya Sharma,Pune,Electronics,2025,71,92,79
2495,Sneha Reddy,Pune,Mechanical,2024,72,94,68
2496,Arjun Singh,Delhi,Electrical,2024,75,92,70
2497,Ananya Sharma,Hyderabad,IT,2023,68,92,85
2498,Ananya Sharma,Ahmedabad,Mechanical,2025,81,80,84
2499,Tanya Jain,Chennai,Electronics,2025,74,78,85
2500,Meera Iyer,Mumbai,Information Tech,2023,64,88,87
2501,Priya Gupta,Jaipur,Mechanical,2025,82,95,67
2502,Sneha Reddy,Bangalore,Electrical,2024,63,94,90
2503,Meera Iyer,Mumbai,Computer Science,2025,64,84,87
2504,Rahul Mehta,Delhi,Computer Science,2023,85,93,85
2505,Karan Verma,Bangalore,IT,2023,82,84,72
2506,Tanya Jain,Ahmedabad,Electrical,2025,63,93,70
2507,Vishal Dubey,Indore,Information Tech,2025,70,72,89
2508,Tanya Jain,Ahmedabad,Computer Science,2024,74,93,84
2509,Meera Iyer,Pune,Information Tech,2025,88,79,73
2510,Karan Verma,Indore,IT,2024,79,72,86
2511,Vishal Dubey,Bangalore,Information Tech,2025,87,78,65
2512,Karan Verma,Ahmedabad,Civil,2024,68,93,82
2513,Tanya Jain,Jaipur,Civil,2025,75,73,80
2514,Tanya Jain,Jaipur,Mechanical,2024,62,88,82
2515,Rahul Mehta,Chennai,Electrical,2023,90,84,76
2516,Priya Gupta,Chennai,IT,2024,83,90,74
2517,Ananya Sharma,Pune,Electronics,2024,88,72,69
2518,Meera Iyer,Ahmedabad,Information Tech,2025,90,74,82
2519,Rahul Mehta,Mumbai,Electronics,2023,80,82,75
2520,Ananya Sharma,Bangalore,Computer Science,2024,82,88,74
2521,Arjun Singh,Bangalore,Electronics,2023,88,84,74
2522,Priya Gupta,Pune,Civil,2024,66,91,78
2523,Vishal Dubey,Pune,Electronics,2025,88,77,72
2524,Sneha Reddy,Pune,Information Tech,2025,74,88,87
2525,Sneha Reddy,Mumbai,Information Tech,2023,73,90,66
2526,Rahul Mehta,Pune,Electronics,2024,82,85,74
2527,Sneha Reddy,Jaipur,Electrical,2025,79,84,65
2528,Priya Gupta,Ahmedabad,Information Tech,2023,87,72,84
2529,Meera Iyer,Chennai,IT,2023,82,83,67
2530,Vishal Dubey,Mumbai,Information Tech,2023,71,88,66
2531,Arjun Singh,Jaipur,Mechanical,2024,72,86,66
2532,Ravi Patel,Indore,Information Tech,2025,69,91,88
2533,Meera Iyer,Indore,Electrical,2025,81,73,90
2534,Sneha Reddy,Ahmedabad,Mechanical,2024,66,93,81
2535,Arjun Singh,Chennai,Information Tech,2023,63,92,83
2536,Ananya Sharma,Delhi,Computer Science,2025,80,80,72
2537,Karan Verma,Indore,Mechanical,2024,81,71,80
2538,Arjun Singh,Chennai,IT,2025,81,79,74
2539,Tanya Jain,Indore,Electronics,2024,83,90,81
2540,Meera Iyer,Bangalore,IT,2024,73,79,77
2541,Tanya Jain,Pune,Electronics,2025,84,87,79
2542,Priya Gupta,Pune,Civil,2025,68,91,87
2543,Priya Gupta,Indore,Electronics,2023,79,74,75
2544,Ravi Patel,Bangalore,Electrical,2024,71,81,76
2545,Meera Iyer,Bangalore,Civil,2025,84,88,82
2546,Arjun Singh,Mumbai,Mechanical,2025,69,80,68
2547,Ananya Sharma,Ahmedabad,Civil,2023,60,75,78
2548,Priya Gupta,Hyderabad,IT,2024,87,82,80
2549,Vishal Dubey,Pune,Mechanical,2025,76,85,66
2550,Rahul Mehta,Ahmedabad,Computer Science,2023,77,71,68
2551,Ravi Patel,Jaipur,Mechanical,2023,80,72,73
2552,Rahul Mehta,Chennai,IT,2025,77,83,66
2553,Sneha Reddy,Indore,Electrical,2024,86,80,88
2554,Priya Gupta,Chennai,IT,2025,79,88,80
2555,Ananya Sharma,Jaipur,Electronics,2023,88,79,66
2556,Meera Iyer,Mumbai,Electrical,2025,83,74,85
2557,Sneha Reddy,Delhi,Mechanical,2024,89,89,72
2558,Priya Gupta,Chennai,Electronics,2024,78,77,87
2559,Ravi Patel,Ahmedabad,Civil,2024,80,88,76
2560,Rahul Mehta,Lucknow,Information Tech,2023,63,94,82
2561,Rahul Mehta,Mumbai,IT,2024,69,84,86
2562,Priya Gupta,Lucknow,Electrical,2025,72,83,86
2563,Karan Verma,Ahmedabad,Electrical,2024,77,72,73
2564,Meera Iyer,Jaipur,Computer Science,2023,66,86,71
2565,Priya Gupta,Pune,Civil,2025,66,87,71
2566,Rahul Mehta,Delhi,Civil,2023,78,84,85
2567,Priya Gupta,Jaipur,Electronics,2024,64,70,78
2568,Ananya Sharma,Lucknow,IT,2025,86,90,72
2569,Karan Verma,Lucknow,Electrical,2024,70,95,71
2570,Sneha Reddy,Hyderabad,Civil,2025,66,77,79
2571,Tanya Jain,Mumbai,Electronics,2025,71,83,69
2572,Ravi Patel,Indore,Civil,2024,62,93,70
2573,Ananya Sharma,Chennai,IT,2024,81,94,67
2574,Karan Verma,Indore,Mechanical,2025,72,70,72
2575,Ravi Patel,Chennai,Computer Science,2023,71,84,68
2576,Ravi Patel,Delhi,Computer Science,2023,87,86,80
2577,Priya Gupta,Pune,Electrical,2023,88,93,84
2578,Vishal Dubey,Jaipur,Computer Science,2024,64,76,81
2579,Ananya Sharma,Mumbai,Computer Science,2024,64,72,71
2580,Meera Iyer,Hyderabad,Electrical,2023,68,94,70
2581,Ravi Patel,Jaipur,Information Tech,2024,81,80,75
2582,Priya Gupta,Delhi,Mechanical,2025,83,75,69
2583,Priya Gupta,Lucknow,Mechanical,2023,70,85,79
2584,Rahul Mehta,Indore,Mechanical,2024,67,94,67
2585,Ravi Patel,Pune,Mechanical,2024,88,81,81
2586,Meera Iyer,Delhi,Computer Science,2025,70,70,81
2587,Priya Gupta,Jaipur,Electronics,2024,72,81,71
2588,Priya Gupta,Lucknow,Electronics,2024,77,92,80
2589,Tanya Jain,Hyderabad,Electrical,2024,89,70,83
2590,Ravi Patel,Ahmedabad,Mechanical,2023,61,86,73
2591,Meera Iyer,Chennai,Computer Science,2023,74,84,69
2592,Tanya Jain,Ahmedabad,Civil,2025,70,80,86
2593,Ananya Sharma,Ahmedabad,Computer Science,2024,82,93,65
2594,Priya Gupta,Lucknow,Civil,2024,61,72,77
2595,Priya Gupta,Hyderabad,IT,2024,60,79,88
2596,Ravi Patel,Mumbai,Electronics,2024,72,78,77
2597,Vishal Dubey,Mumbai,Electronics,2025,67,71,67
2598,Priya Gupta,Indore,Mechanical,2024,65,92,83
2599,Vishal Dubey,Mumbai,Mechanical,2025,61,91,90
2600,Vishal Dubey,Hyderabad,Mechanical,2025,78,83,67
2601,Tanya Jain,Hyderabad,Computer Science,2025,70,90,72
2602,Sneha Reddy,Hyderabad,IT,2024,80,77,70
2603,Ravi Patel,Pune,Electrical,2024,61,84,67
2604,Arjun Singh,Pune,Electrical,2024,67,86,77
2605,Vishal Dubey,Bangalore,IT,2024,64,89,84
2606,Rahul Mehta,Indore,Information Tech,2025,66,92,76
2607,Ravi Patel,Ahmedabad,Electronics,2024,81,71,76
2608,Sneha Reddy,Lucknow,Mechanical,2025,63,90,65
2609,Sneha Reddy,Bangalore,Mechanical,2024,70,74,76
2610,Rahul Mehta,Bangalore,Electronics,2025,75,93,86
2611,Ravi Patel,Mumbai,Electrical,2023,88,72,89
2612,Rahul Mehta,Jaipur,Information Tech,2025,63,85,75
2613,Tanya Jain,Ahmedabad,Computer Science,2023,83,79,69
2614,Rahul Mehta,Chennai,Information Tech,2024,70,71,74
2615,Priya Gupta,Jaipur,Computer Science,2023,75,78,70
2616,Vishal Dubey,Lucknow,Computer Science,2024,80,81,65
2617,Rahul Mehta,Delhi,Civil,2025,63,71,74
2618,Ravi Patel,Hyderabad,Electrical,2023,78,88,77
2619,Ananya Sharma,Chennai,IT,2023,82,80,83
2620,Karan Verma,Jaipur,Computer Science,2023,90,84,90
2621,Ananya Sharma,Pune,Electrical,2023,80,77,80
2622,Tanya Jain,Chennai,Civil,2023,68,79,74
2623,Priya Gupta,Indore,Information Tech,2025,76,91,87
2624,Rahul Mehta,Jaipur,IT,2025,81,89,88
2625,Vishal Dubey,Lucknow,Computer Science,2025,77,89,86
2626,Karan Verma,Bangalore,Electronics,2025,67,72,82
2627,Vishal Dubey,Hyderabad,Computer Science,2025,73,75,89
2628,Ananya Sharma,Hyderabad,Information Tech,2023,81,91,70
2629,Priya Gupta,Mumbai,Electronics,2025,90,88,75
2630,Priya Gupta,Chennai,IT,2023,65,89,68
2631,Sneha Reddy,Pune,IT,2025,72,87,82
2632,Ravi Patel,Delhi,Computer Science,2023,89,77,85
2633,Priya Gupta,Mumbai,Civil,2023,84,89,85
2634,Sneha Reddy,Chennai,IT,2023,72,76,75
2635,Rahul Mehta,Lucknow,Civil,2025,82,83,71
2636,Rahul Mehta,Ahmedabad,Mechanical,2023,87,76,75
2637,Karan Verma,Lucknow,Information Tech,2023,78,83,85
2638,Rahul Mehta,Hyderabad,Computer Science,2024,88,78,89
2639,Ravi Patel,Jaipur,Computer Science,2024,83,83,83
2640,Ravi Patel,Delhi,IT,2023,87,77,79
2641,Vishal Dubey,Hyderabad,Computer Science,2024,85,74,82
2642,Sneha Reddy,Hyderabad,IT,2024,90,80,66
2643,Sneha Reddy,Jaipur,Civil,2024,82,78,75
2644,Rahul Mehta,Mumbai,Information Tech,2023,88,74,77
2645,Arjun Singh,Mumbai,Computer Science,2023,86,90,80
2646,Rahul Mehta,Lucknow,Computer Science,2023,82,82,68
2647,Vishal Dubey,Mumbai,Electronics,2024,77,91,90
2648,Ravi Patel,Ahmedabad,Computer Science,2024,83,72,82
2649,Ravi Patel,Lucknow,Information Tech,2024,69,87,83
2650,Sneha Reddy,Chennai,IT,2023,65,70,81
2651,Arjun Singh,Jaipur,Computer Science,2025,75,74,67
2652,Sneha Reddy,Jaipur,Information Tech,2023,81,94,73
2653,Karan Verma,Bangalore,Civil,2024,86,74,87
2654,Ananya Sharma,Pune,Electronics,2023,69,91,84
2655,Priya Gupta,Jaipur,Electronics,2025,61,84,78
2656,Karan Verma,Hyderabad,IT,2023,73,81,84
2657,Vishal Dubey,Bangalore,Electrical,2025,65,72,87
2658,Arjun Singh,Mumbai,IT,2025,61,74,81
2659,Arjun Singh,Jaipur,Information Tech,2024,88,94,86
2660,Ananya Sharma,Bangalore,Information Tech,2025,76,78,78
2661,Vishal Dubey,Delhi,Computer Science,2024,69,94,70
2662,Vishal Dubey,Bangalore,Mechanical,2023,76,70,89
2663,Ravi Patel,Chennai,Computer Science,2025,64,87,73
2664,Arjun Singh,Delhi,Electrical,2024,83,70,71
2665,Sneha Reddy,Lucknow,Electronics,2024,71,87,76
2666,Tanya Jain,Lucknow,Electrical,2025,85,74,66
2667,Rahul Mehta,Delhi,Computer Science,2024,74,70,71
2668,Tanya Jain,Bangalore,IT,2024,83,71,82
2669,Priya Gupta,Mumbai,Civil,2025,77,86,71
2670,Ananya Sharma,Bangalore,Civil,2023,84,84,70
2671,Vishal Dubey,Indore,Electrical,2023,85,71,84
2672,Rahul Mehta,Jaipur,Computer Science,2025,69,90,81
2673,Ananya Sharma,Hyderabad,Electronics,2024,84,93,90
2674,Tanya Jain,Ahmedabad,IT,2024,70,81,73
2675,Sneha Reddy,Indore,Electrical,2023,75,84,70
2676,Priya Gupta,Delhi,Mechanical,2023,80,76,66
2677,Rahul Mehta,Mumbai,IT,2024,65,76,73
2678,Meera Iyer,Hyderabad,Civil,2023,75,87,77
2679,Priya Gupta,Mumbai,Information Tech,2024,87,84,84
2680,Tanya Jain,Ahmedabad,Civil,2025,78,77,88
2681,Priya Gupta,Ahmedabad,IT,2025,88,87,76
2682,Ravi Patel,Pune,Electronics,2023,85,70,66
2683,Vishal Dubey,Pune,Information Tech,2023,81,72,84
2684,Arjun Singh,Mumbai,Electrical,2023,60,80,72
2685,Meera Iyer,Pune,Electronics,2023,73,80,87
2686,Priya Gupta,Pune,Electrical,2024,81,94,82
2687,Priya Gupta,Hyderabad,Computer Science,2023,60,86,77
2688,Meera Iyer,Chennai,Information Tech,2023,65,95,84
2689,Rahul Mehta,Chennai,Information Tech,2025,74,90,72
2690,Arjun Singh,Jaipur,Civil,2023,69,92,89
2691,Meera Iyer,Bangalore,IT,2023,62,95,88
2692,Tanya Jain,Hyderabad,IT,2025,63,91,88
2693,Vishal Dubey,Lucknow,Electronics,2025,75,72,90
2694,Meera Iyer,Ahmedabad,Electronics,2023,64,73,86
2695,Sneha Reddy,Indore,Information Tech,2025,89,71,75
2696,Ananya Sharma,Ahmedabad,Computer Science,2023,73,72,81
2697,Ananya Sharma,Ahmedabad,Mechanical,2024,74,80,80
2698,Arjun Singh,Pune,Computer Science,2025,85,80,80
2699,Meera Iyer,Jaipur,Electrical,2023,74,86,88
2700,Ananya Sharma,Delhi,IT,2023,60,80,71
2701,Vishal Dubey,Indore,Electrical,2024,67,72,82
2702,Vishal Dubey,Pune,Computer Science,2024,85,88,68
2703,Tanya Jain,Indore,Information Tech,2025,69,89,69
2704,Meera Iyer,Ahmedabad,Electronics,2024,86,90,86
2705,Priya Gupta,Mumbai,Mechanical,2023,86,76,68
2706,Rahul Mehta,Delhi,Civil,2023,66,81,68
2707,Priya Gupta,Delhi,Civil,2023,79,74,65
2708,Vishal Dubey,Delhi,Mechanical,2024,63,72,71
2709,Ananya Sharma,Lucknow,Mechanical,2024,65,95,69
2710,Sneha Reddy,Indore,IT,2025,87,91,81
2711,Rahul Mehta,Ahmedabad,Civil,2024,68,77,77
2712,Ananya Sharma,Lucknow,IT,2025,84,78,87
2713,Tanya Jain,Chennai,Civil,2023,61,93,89
2714,Priya Gupta,Pune,Electrical,2024,62,79,68
2715,Vishal Dubey,Indore,Computer Science,2025,77,92,84
2716,Vishal Dubey,Jaipur,Civil,2024,73,88,75
2717,Priya Gupta,Mumbai,Mechanical,2023,71,89,81
2718,Meera Iyer,Indore,IT,2025,89,73,72
2719,Ananya Sharma,Delhi,Mechanical,2025,85,76,82
2720,Karan Verma,Hyderabad,Mechanical,2023,79,92,89
2721,Priya Gupta,Jaipur,IT,2024,89,77,66
2722,Vishal Dubey,Bangalore,Information Tech,2025,88,88,88
2723,Meera Iyer,Jaipur,IT,2025,67,82,80
2724,Meera Iyer,Ahmedabad,Electrical,2025,74,85,78
2725,Arjun Singh,Lucknow,Electronics,2024,66,80,89
2726,Vishal Dubey,Chennai,Computer Science,2023,88,92,88
2727,Meera Iyer,Pune,IT,2023,66,73,86
2728,Ananya Sharma,Chennai,Electrical,2023,66,71,73
2729,Ravi Patel,Mumbai,IT,2025,80,72,89
2730,Arjun Singh,Hyderabad,Electrical,2025,70,72,83
2731,Tanya Jain,Mumbai,Electrical,2024,81,93,80
2732,Ananya Sharma,Pune,IT,2023,65,91,84
2733,Sneha Reddy,Hyderabad,Electrical,2025,65,77,89
2734,Karan Verma,Pune,Electrical,2024,65,86,88
2735,Rahul Mehta,Jaipur,Electrical,2024,84,90,74
2736,Ravi Patel,Jaipur,Civil,2024,66,78,70
2737,Arjun Singh,Chennai,Information Tech,2025,67,82,84
2738,Ananya Sharma,Ahmedabad,Civil,2025,87,79,72
2739,Sneha Reddy,Pune,Electrical,2023,82,86,72
2740,Priya Gupta,Bangalore,Civil,2024,70,90,68
2741,Vishal Dubey,Indore,Civil,2025,87,78,66
2742,Karan Verma,Hyderabad,Computer Science,2025,81,71,73
2743,Ananya Sharma,Indore,Electronics,2024,66,79,83
2744,Meera Iyer,Lucknow,Electronics,2023,67,71,73
2745,Tanya Jain,Ahmedabad,IT,2024,85,89,79
2746,Karan Verma,Chennai,Mechanical,2023,79,75,73
2747,Vishal Dubey,Jaipur,Computer Science,2023,64,90,87
2748,Ananya Sharma,Chennai,Mechanical,2023,77,86,68
2749,Karan Verma,Chennai,Civil,2024,62,83,81
2750,Ravi Patel,Mumbai,Computer Science,2025,70,88,66
2751,Meera Iyer,Hyderabad,Electronics,2024,79,83,81
2752,Ananya Sharma,Indore,Information Tech,2023,85,91,75
2753,Ananya Sharma,Pune,Information Tech,2025,87,88,67
2754,Karan Verma,Ahmedabad,Computer Science,2025,66,75,76
2755,Priya Gupta,Ahmedabad,Civil,2025,85,89,78
2756,Rahul Mehta,Ahmedabad,Civil,2023,72,71,85
2757,Ravi Patel,Jaipur,Electrical,2024,69,84,76
2758,Meera Iyer,Hyderabad,Civil,2024,75,88,84
2759,Sneha Reddy,Hyderabad,Electronics,2025,67,93,84
2760,Sneha Reddy,Bangalore,Electrical,2025,65,81,69
2761,Vishal Dubey,Ahmedabad,Mechanical,2024,86,78,84
2762,Meera Iyer,Pune,Computer Science,2025,65,89,88
2763,Sneha Reddy,Lucknow,Computer Science,2024,70,87,82
2764,Vishal Dubey,Lucknow,Civil,2024,67,79,74
2765,Tanya Jain,Chennai,Computer Science,2025,61,72,88
2766,Ravi Patel,Indore,Mechanical,2024,65,73,82
2767,Arjun Singh,Lucknow,Information Tech,2024,79,80,67
2768,Arjun Singh,Lucknow,Civil,2025,79,73,69
2769,Ravi Patel,Pune,Computer Science,2025,80,85,84
2770,Karan Verma,Mumbai,Mechanical,2024,86,70,83
2771,Sneha Reddy,Bangalore,Electronics,2023,63,74,76
2772,Priya Gupta,Delhi,Civil,2025,82,79,71
2773,Tanya Jain,Chennai,Electrical,2024,79,91,85
2774,Karan Verma,Mumbai,Civil,2025,65,80,75
2775,Arjun Singh,Indore,Information Tech,2025,87,74,89
2776,Vishal Dubey,Delhi,Computer Science,2024,85,75,76
2777,Ravi Patel,Ahmedabad,IT,2025,77,91,88
2778,Rahul Mehta,Indore,Civil,2024,73,84,66
2779,Priya Gupta,Ahmedabad,Computer Science,2025,85,74,88
2780,Vishal Dubey,Bangalore,Electronics,2024,60,82,69
2781,Arjun Singh,Lucknow,IT,2024,78,77,83
2782,Ananya Sharma,Ahmedabad,Computer Science,2023,73,80,76
2783,Arjun Singh,Ahmedabad,Electrical,2025,71,71,86
2784,Ravi Patel,Delhi,Mechanical,2023,88,85,82
2785,Ravi Patel,Indore,Electrical,2024,61,86,74
2786,Karan Verma,Chennai,Electronics,2025,76,84,82
2787,Sneha Reddy,Indore,Electronics,2023,79,83,76
2788,Meera Iyer,Lucknow,Computer Science,2024,81,75,73
2789,Tanya Jain,Lucknow,Electrical,2024,76,71,85
2790,Meera Iyer,Mumbai,Computer Science,2024,70,71,71
2791,Karan Verma,Lucknow,Electronics,2024,83,94,74
2792,Tanya Jain,Jaipur,Civil,2024,87,77,73
2793,Arjun Singh,Lucknow,Electrical,2023,70,76,77
2794,Ravi Patel,Delhi,Mechanical,2024,76,73,75
2795,Ananya Sharma,Chennai,Mechanical,2024,68,75,75
2796,Ravi Patel,Lucknow,Mechanical,2023,68,83,85
2797,Priya Gupta,Mumbai,Information Tech,2025,79,95,81
2798,Ananya Sharma,Delhi,IT,2025,68,77,68
2799,Ravi Patel,Hyderabad,Electronics,2024,79,72,72
2800,Sneha Reddy,Lucknow,Electronics,2023,85,90,68
2801,Arjun Singh,Indore,Computer Science,2023,89,72,73
2802,Vishal Dubey,Indore,Computer Science,2023,69,81,82
2803,Rahul Mehta,Hyderabad,Civil,2023,64,88,78
2804,Vishal Dubey,Lucknow,IT,2023,73,92,69
2805,Rahul Mehta,Mumbai,IT,2023,69,73,84
2806,Karan Verma,Bangalore,Electrical,2025,61,84,77
2807,Karan Verma,Chennai,Electrical,2024,70,91,87
2808,Rahul Mehta,Hyderabad,Civil,2023,69,94,85
2809,Sneha Reddy,Chennai,Computer Science,2024,76,83,81
2810,Ravi Patel,Jaipur,Electronics,2025,85,74,80
2811,Tanya Jain,Lucknow,Computer Science,2023,68,84,67
2812,Sneha Reddy,Indore,Electronics,2023,61,71,85
2813,Rahul Mehta,Jaipur,Electronics,2025,89,91,85
2814,Sneha Reddy,Indore,Electrical,2025,85,88,70
2815,Rahul Mehta,Hyderabad,IT,2025,86,89,85
2816,Sneha Reddy,Jaipur,Mechanical,2025,70,91,68
2817,Priya Gupta,Pune,Civil,2024,61,89,74
2818,Ravi Patel,Lucknow,Computer Science,2024,62,89,87
2819,Arjun Singh,Pune,IT,2023,61,83,87
2820,Meera Iyer,Hyderabad,Computer Science,2023,61,81,73
2821,Karan Verma,Indore,Mechanical,2025,68,92,66
2822,Karan Verma,Chennai,Electronics,2024,75,73,82
2823,Karan Verma,Chennai,Information Tech,2024,70,91,82
2824,Tanya Jain,Mumbai,Information Tech,2025,74,73,79
2825,Meera Iyer,Hyderabad,IT,2024,80,82,69
2826,Rahul Mehta,Delhi,Electrical,2025,82,92,81
2827,Ravi Patel,Chennai,Civil,2025,65,75,89
2828,Priya Gupta,Indore,Civil,2025,70,77,66
2829,Karan Verma,Bangalore,Information Tech,2025,77,93,69
2830,Rahul Mehta,Lucknow,Electronics,2025,76,93,77
2831,Meera Iyer,Delhi,Computer Science,2024,82,90,65
2832,Karan Verma,Delhi,IT,2023,72,92,82
2833,Arjun Singh,Indore,Information Tech,2024,70,81,75
2834,Vishal Dubey,Hyderabad,Electrical,2023,72,73,87
2835,Vishal Dubey,Hyderabad,Information Tech,2025,81,83,82
2836,Ravi Patel,Jaipur,Mechanical,2025,64,74,75
2837,Karan Verma,Hyderabad,Civil,2024,65,95,80
2838,Arjun Singh,Hyderabad,IT,2023,71,75,69
2839,Meera Iyer,Hyderabad,IT,2025,81,82,84
2840,Tanya Jain,Ahmedabad,IT,2025,81,88,83
2841,Rahul Mehta,Hyderabad,Civil,2025,80,91,71
2842,Rahul Mehta,Delhi,IT,2024,86,72,81
2843,Rahul Mehta,Ahmedabad,Information Tech,2023,65,74,69
2844,Meera Iyer,Pune,Civil,2024,70,90,68
2845,Sneha Reddy,Mumbai,Mechanical,2025,84,73,88
2846,Tanya Jain,Lucknow,Civil,2025,76,81,74
2847,Rahul Mehta,Jaipur,Electronics,2024,80,79,78
2848,Rahul Mehta,Chennai,Information Tech,2024,87,94,70
2849,Priya Gupta,Chennai,Information Tech,2025,69,82,79
2850,Meera Iyer,Mumbai,Mechanical,2023,70,90,89
2851,Tanya Jain,Lucknow,Civil,2023,69,74,88
2852,Priya Gupta,Indore,Information Tech,2024,86,74,69
2853,Ravi Patel,Ahmedabad,Mechanical,2025,69,83,70
2854,Karan Verma,Chennai,Information Tech,2025,72,71,78
2855,Priya Gupta,Hyderabad,Computer Science,2023,70,75,90
2856,Ravi Patel,Jaipur,Computer Science,2024,85,79,79
2857,Ravi Patel,Lucknow,Computer Science,2023,72,95,65
2858,Ravi Patel,Chennai,Mechanical,2025,76,74,70
2859,Vishal Dubey,Mumbai,Computer Science,2023,76,74,69
2860,Rahul Mehta,Delhi,IT,2024,86,91,80
2861,Sneha Reddy,Bangalore,Civil,2023,86,85,80
2862,Vishal Dubey,Hyderabad,IT,2023,77,78,70
2863,Ravi Patel,Hyderabad,Information Tech,2024,77,95,78
2864,Meera Iyer,Ahmedabad,IT,2025,81,81,79
2865,Vishal Dubey,Ahmedabad,Electrical,2024,80,93,74
2866,Priya Gupta,Ahmedabad,Civil,2025,63,70,85
2867,Ravi Patel,Lucknow,Civil,2024,78,84,76
2868,Vishal Dubey,Lucknow,Electrical,2024,86,86,79
2869,Vishal Dubey,Bangalore,Electronics,2025,76,76,84
2870,Ananya Sharma,Bangalore,Information Tech,2024,66,91,69
2871,Tanya Jain,Indore,Civil,2023,89,91,80
2872,Vishal Dubey,Ahmedabad,Electronics,2025,80,92,78
2873,Tanya Jain,Delhi,Civil,2024,72,79,87
2874,Priya Gupta,Pune,Computer Science,2024,71,75,73
2875,Rahul Mehta,Jaipur,Computer Science,2024,64,72,66
2876,Ananya Sharma,Pune,Computer Science,2025,89,80,75
2877,Karan Verma,Hyderabad,Civil,2023,70,91,69
2878,Tanya Jain,Lucknow,IT,2024,68,72,81
2879,Karan Verma,Hyderabad,Computer Science,2025,76,79,81
2880,Tanya Jain,Ahmedabad,Mechanical,2024,67,94,67
2881,Priya Gupta,Chennai,Mechanical,2024,66,87,79
2882,Rahul Mehta,Hyderabad,Information Tech,2023,87,81,83
2883,Arjun Singh,Delhi,Mechanical,2025,62,92,75
2884,Vishal Dubey,Pune,Mechanical,2024,68,87,89
2885,Rahul Mehta,Mumbai,Electronics,2025,86,75,70
2886,Ananya Sharma,Mumbai,Mechanical,2024,86,76,88
2887,Sneha Reddy,Lucknow,Civil,2024,79,88,76
2888,Priya Gupta,Mumbai,Mechanical,2023,79,95,77
2889,Ananya Sharma,Mumbai,Mechanical,2024,67,79,69
2890,Karan Verma,Chennai,Computer Science,2024,88,78,81
2891,Sneha Reddy,Lucknow,IT,2024,89,76,75
2892,Karan Verma,Delhi,IT,2023,83,75,83
2893,Sneha Reddy,Indore,Civil,2023,67,78,67
2894,Rahul Mehta,Ahmedabad,Civil,2024,87,85,89
2895,Vishal Dubey,Mumbai,Computer Science,2023,85,71,75
2896,Arjun Singh,Hyderabad,Electronics,2023,72,87,78
2897,Priya Gupta,Jaipur,Electrical,2023,90,79,81
2898,Tanya Jain,Pune,Civil,2025,63,83,89
2899,Ananya Sharma,Delhi,Information Tech,2025,81,92,86
2900,Tanya Jain,Hyderabad,Civil,2024,78,81,77
2901,Arjun Singh,Jaipur,IT,2023,89,83,74
2902,Sneha Reddy,Delhi,Electronics,2024,86,73,87
2903,Ravi Patel,Pune,IT,2025,81,85,72
2904,Priya Gupta,Jaipur,Civil,2025,69,85,75
2905,Meera Iyer,Delhi,Electrical,2024,85,83,82
2906,Sneha Reddy,Ahmedabad,Mechanical,2024,72,73,69
2907,Sneha Reddy,Chennai,Mechanical,2024,65,85,67
2908,Meera Iyer,Lucknow,Electronics,2023,85,91,69
2909,Rahul Mehta,Pune,Electrical,2023,66,78,65
2910,Sneha Reddy,Mumbai,Electrical,2023,67,86,90
2911,Ananya Sharma,Lucknow,Electronics,2024,76,89,66
2912,Rahul Mehta,Jaipur,Mechanical,2024,87,92,73
2913,Vishal Dubey,Mumbai,Electrical,2024,81,88,88
2914,Priya Gupta,Pune,Information Tech,2023,70,82,72
2915,Tanya Jain,Chennai,Computer Science,2023,89,78,71
2916,Rahul Mehta,Ahmedabad,Civil,2025,78,80,66
2917,Ravi Patel,Indore,Electronics,2024,75,79,70
2918,Arjun Singh,Hyderabad,Civil,2023,69,93,87
2919,Rahul Mehta,Pune,IT,2023,71,82,80
2920,Karan Verma,Delhi,Civil,2025,89,90,76
2921,Priya Gupta,Ahmedabad,Electronics,2025,64,86,85
2922,Sneha Reddy,Indore,Mechanical,2024,90,71,70
2923,Tanya Jain,Indore,IT,2023,84,71,72
2924,Priya Gupta,Chennai,Information Tech,2023,64,79,76
2925,Priya Gupta,Bangalore,Civil,2025,88,80,87
2926,Rahul Mehta,Ahmedabad,Mechanical,2024,65,77,83
2927,Arjun Singh,Chennai,IT,2024,76,78,76
2928,Meera Iyer,Chennai,Electrical,2023,63,89,74
2929,Priya Gupta,Pune,Civil,2023,71,75,74
2930,Priya Gupta,Bangalore,Mechanical,2023,74,82,73
2931,Meera Iyer,Hyderabad,Mechanical,2025,65,87,89
2932,Priya Gupta,Mumbai,Electrical,2024,80,75,81
2933,Sneha Reddy,Ahmedabad,Electrical,2025,85,81,73
2934,Priya Gupta,Jaipur,Civil,2025,85,90,68
2935,Sneha Reddy,Pune,Computer Science,2024,61,75,87
2936,Meera Iyer,Lucknow,Information Tech,2024,88,89,83
2937,Meera Iyer,Pune,IT,2024,82,72,80
2938,Sneha Reddy,Delhi,Computer Science,2024,71,90,67
2939,Rahul Mehta,Delhi,Mechanical,2023,87,83,86
2940,Karan Verma,Jaipur,Computer Science,2023,82,91,85
2941,Vishal Dubey,Lucknow,Electronics,2025,90,87,75
2942,Arjun Singh,Chennai,IT,2024,82,85,70
2943,Rahul Mehta,Bangalore,Electrical,2023,83,80,89
2944,Vishal Dubey,Indore,Computer Science,2025,89,73,84
2945,Ananya Sharma,Pune,Information Tech,2024,89,74,75
2946,Rahul Mehta,Ahmedabad,IT,2024,87,94,68
2947,Vishal Dubey,Lucknow,Mechanical,2023,73,72,77
2948,Ravi Patel,Ahmedabad,Mechanical,2025,85,78,83
2949,Arjun Singh,Pune,IT,2024,76,94,67
2950,Arjun Singh,Indore,Civil,2025,63,84,69
2951,Ananya Sharma,Ahmedabad,Computer Science,2024,77,83,89
2952,Tanya Jain,Mumbai,Information Tech,2024,81,77,75
2953,Karan Verma,Lucknow,IT,2023,69,77,84
2954,Arjun Singh,Hyderabad,Information Tech,2024,61,72,71
2955,Vishal Dubey,Indore,Civil,2024,71,83,77
2956,Sneha Reddy,Mumbai,Electrical,2025,63,79,68
2957,Rahul Mehta,Delhi,Information Tech,2023,84,84,78
2958,Ananya Sharma,Jaipur,Computer Science,2023,88,76,83
2959,Ravi Patel,Mumbai,Electrical,2025,70,90,86
2960,Tanya Jain,Hyderabad,Information Tech,2025,81,71,83
2961,Ananya Sharma,Lucknow,Electronics,2025,68,79,88
2962,Karan Verma,Pune,Computer Science,2025,85,93,76
2963,Rahul Mehta,Ahmedabad,Information Tech,2025,68,89,76
2964,Meera Iyer,Pune,IT,2023,83,90,88
2965,Rahul Mehta,Delhi,Mechanical,2023,85,78,72
2966,Tanya Jain,Hyderabad,Information Tech,2025,90,94,88
2967,Ravi Patel,Indore,Mechanical,2025,78,92,79
2968,Tanya Jain,Indore,Civil,2024,89,73,82
2969,Karan Verma,Pune,Information Tech,2023,69,89,81
2970,Vishal Dubey,Delhi,Mechanical,2023,73,86,72
2971,Ananya Sharma,Hyderabad,Mechanical,2025,72,87,73
2972,Tanya Jain,Pune,Civil,2023,67,92,84
2973,Priya Gupta,Chennai,Mechanical,2024,80,92,87
2974,Vishal Dubey,Hyderabad,Mechanical,2023,76,91,72
2975,Vishal Dubey,Bangalore,Electrical,2024,61,70,87
2976,Karan Verma,Bangalore,Civil,2023,63,76,83
2977,Arjun Singh,Lucknow,Computer Science,2024,87,89,90
2978,Karan Verma,Mumbai,Electronics,2023,64,88,75
2979,Arjun Singh,Indore,Computer Science,2023,89,83,86
2980,Ravi Patel,Jaipur,Civil,2024,85,77,87
2981,Ananya Sharma,Lucknow,Civil,2025,80,74,79
2982,Tanya Jain,Delhi,IT,2023,67,91,83
2983,Priya Gupta,Lucknow,IT,2025,76,84,86
2984,Vishal Dubey,Hyderabad,IT,2024,69,71,85
2985,Rahul Mehta,Ahmedabad,IT,2023,88,90,75
2986,Priya Gupta,Hyderabad,Electrical,2024,72,74,81
2987,Sneha Reddy,Mumbai,IT,2023,81,93,74
2988,Ravi Patel,Hyderabad,Electronics,2023,77,86,90
2989,Karan Verma,Chennai,Civil,2025,60,76,65
2990,Sneha Reddy,Mumbai,Information Tech,2024,68,80,86
2991,Arjun Singh,Ahmedabad,Electrical,2023,67,87,76
2992,Meera Iyer,Hyderabad,Electronics,2023,69,76,65
2993,Meera Iyer,Mumbai,Computer Science,2025,72,87,80
2994,Ananya Sharma,Chennai,IT,2024,61,80,74
2995,Priya Gupta,Chennai,Mechanical,2023,81,87,88
2996,Ravi Patel,Hyderabad,IT,2025,84,78,88
2997,Sneha Reddy,Jaipur,Information Tech,2023,64,80,89
2998,Priya Gupta,Mumbai,Electronics,2023,78,75,76
2999,Karan Verma,Jaipur,Mechanical,2025,67,76,88
3000,Karan Verma,Lucknow,Computer Science,2024,60,77,71
3001,Meera Iyer,Indore,Civil,2025,76,74,74
3002,Ananya Sharma,Jaipur,IT,2025,88,83,81
3003,Ravi Patel,Ahmedabad,Electrical,2023,89,84,81
3004,Meera Iyer,Pune,IT,2024,80,73,67
3005,Sneha Reddy,Indore,Information Tech,2025,70,76,86
3006,Tanya Jain,Chennai,Mechanical,2024,65,84,68
3007,Sneha Reddy,Ahmedabad,IT,2023,71,85,66
3008,Rahul Mehta,Hyderabad,Computer Science,2025,79,73,82
3009,Ananya Sharma,Pune,Information Tech,2025,77,94,69
3010,Ravi Patel,Pune,Computer Science,2025,82,94,73
3011,Karan Verma,Bangalore,Electrical,2023,86,73,77
3012,Sneha Reddy,Delhi,Civil,2023,76,76,73
3013,Rahul Mehta,Ahmedabad,Computer Science,2024,70,73,79
3014,Sneha Reddy,Pune,Mechanical,2025,65,74,70
3015,Ananya Sharma,Bangalore,Mechanical,2025,86,84,74
3016,Rahul Mehta,Bangalore,Information Tech,2023,83,91,81
3017,Tanya Jain,Ahmedabad,Computer Science,2025,87,74,81
3018,Vishal Dubey,Indore,Information Tech,2023,77,85,86
3019,Priya Gupta,Jaipur,Information Tech,2023,64,71,88
3020,Vishal Dubey,Chennai,Information Tech,2025,60,72,88
3021,Meera Iyer,Indore,Mechanical,2024,63,82,75
3022,Rahul Mehta,Lucknow,Information Tech,2023,81,85,76
3023,Meera Iyer,Pune,Computer Science,2025,75,94,75
3024,Arjun Singh,Indore,Electronics,2023,68,88,67
3025,Ananya Sharma,Jaipur,Information Tech,2023,75,89,88
3026,Sneha Reddy,Mumbai,Mechanical,2024,89,85,66
3027,Arjun Singh,Hyderabad,Computer Science,2024,73,71,87
3028,Arjun Singh,Pune,Civil,2025,66,92,66
3029,Arjun Singh,Jaipur,Electrical,2024,83,84,71
3030,Karan Verma,Mumbai,Civil,2025,69,89,86
3031,Priya Gupta,Ahmedabad,Civil,2025,69,80,85
3032,Priya Gupta,Jaipur,Electrical,2024,76,91,81
3033,Priya Gupta,Pune,Mechanical,2023,62,90,67
3034,Priya Gupta,Hyderabad,Information Tech,2024,87,84,66
3035,Arjun Singh,Delhi,Mechanical,2023,68,93,89
3036,Sneha Reddy,Indore,IT,2024,82,78,67
3037,Ananya Sharma,Bangalore,Civil,2023,83,93,82
3038,Karan Verma,Chennai,Electrical,2025,72,94,78
3039,Rahul Mehta,Jaipur,Information Tech,2025,78,95,75
3040,Vishal Dubey,Indore,Computer Science,2024,67,93,65
3041,Karan Verma,Bangalore,IT,2025,89,71,72
3042,Tanya Jain,Pune,Electrical,2025,82,77,78
3043,Rahul Mehta,Mumbai,Civil,2025,77,80,72
3044,Priya Gupta,Jaipur,Civil,2025,83,78,69
3045,Priya Gupta,Indore,Information Tech,2024,77,78,75
3046,Karan Verma,Indore,Information Tech,2023,85,79,77
3047,Arjun Singh,Hyderabad,Information Tech,2025,71,87,69
3048,Arjun Singh,Ahmedabad,Civil,2025,61,81,79
3049,Ravi Patel,Indore,Computer Science,2024,67,78,90
3050,Arjun Singh,Mumbai,Information Tech,2025,88,82,83
3051,Vishal Dubey,Lucknow,Electrical,2024,90,75,81
3052,Rahul Mehta,Hyderabad,Electronics,2023,81,89,76
3053,Tanya Jain,Bangalore,Mechanical,2025,87,70,79
3054,Ravi Patel,Delhi,Civil,2024,75,84,87
3055,Priya Gupta,Indore,Computer Science,2023,69,81,89
3056,Meera Iyer,Pune,Electronics,2025,78,74,72
3057,Sneha Reddy,Hyderabad,Electronics,2025,63,95,75
3058,Vishal Dubey,Pune,IT,2023,88,87,76
3059,Ananya Sharma,Chennai,Mechanical,2023,81,83,66
3060,Karan Verma,Hyderabad,Electrical,2023,78,77,68
3061,Rahul Mehta,Indore,IT,2025,75,73,79
3062,Ananya Sharma,Pune,Information Tech,2025,80,85,76
3063,Arjun Singh,Bangalore,Electronics,2025,61,92,84
3064,Rahul Mehta,Lucknow,Information Tech,2024,67,84,89
3065,Sneha Reddy,Chennai,Electronics,2023,60,84,75
3066,Vishal Dubey,Bangalore,Electrical,2025,63,76,68
3067,Arjun Singh,Bangalore,Mechanical,2023,85,73,66
3068,Vishal Dubey,Delhi,Electrical,2023,65,90,82
3069,Ravi Patel,Bangalore,Civil,2024,72,87,79
3070,Sneha Reddy,Lucknow,Electrical,2023,88,90,80
3071,Meera Iyer,Mumbai,Electrical,2024,88,89,90
3072,Priya Gupta,Delhi,Information Tech,2023,80,72,84
3073,Tanya Jain,Jaipur,IT,2023,72,84,67
3074,Ravi Patel,Chennai,Civil,2023,61,80,81
3075,Tanya Jain,Pune,Computer Science,2023,74,80,67
3076,Arjun Singh,Ahmedabad,Civil,2024,72,80,67
3077,Rahul Mehta,Hyderabad,Mechanical,2024,66,76,80
3078,Ananya Sharma,Bangalore,IT,2025,75,80,77
3079,Ananya Sharma,Ahmedabad,IT,2025,64,89,66
3080,Ravi Patel,Bangalore,Computer Science,2023,71,89,85
3081,Sneha Reddy,Indore,Electrical,2024,72,74,65
3082,Rahul Mehta,Hyderabad,Information Tech,2025,69,82,66
3083,Vishal Dubey,Lucknow,Electrical,2025,73,90,71
3084,Sneha Reddy,Mumbai,Computer Science,2025,87,90,66
3085,Vishal Dubey,Bangalore,Computer Science,2024,61,92,65
3086,Arjun Singh,Lucknow,Electrical,2024,61,85,77
3087,Tanya Jain,Chennai,Electrical,2024,62,92,68
3088,Rahul Mehta,Lucknow,Electronics,2023,65,93,85
3089,Ravi Patel,Lucknow,IT,2025,76,80,68
3090,Karan Verma,Pune,Civil,2024,63,76,72
3091,Sneha Reddy,Delhi,Electrical,2024,74,73,90
3092,Vishal Dubey,Bangalore,IT,2023,82,85,65
3093,Sneha Reddy,Mumbai,Civil,2024,89,82,85
3094,Meera Iyer,Lucknow,Electronics,2023,81,91,81
3095,Sneha Reddy,Jaipur,IT,2024,62,72,77
3096,Vishal Dubey,Hyderabad,IT,2024,82,87,65
3097,Sneha Reddy,Lucknow,Information Tech,2025,78,92,82
3098,Vishal Dubey,Chennai,Computer Science,2024,82,81,67
3099,Ravi Patel,Hyderabad,Information Tech,2024,75,87,81
3100,Tanya Jain,Bangalore,Computer Science,2023,77,80,78
3101,Vishal Dubey,Bangalore,Computer Science,2025,71,86,89
3102,Tanya Jain,Bangalore,Electrical,2025,75,86,74
3103,Meera Iyer,Ahmedabad,Electrical,2025,70,77,68
3104,Priya Gupta,Delhi,Electronics,2023,78,87,85
3105,Vishal Dubey,Chennai,Electronics,2023,78,80,81
3106,Tanya Jain,Delhi,Computer Science,2024,62,91,70
3107,Karan Verma,Pune,Information Tech,2025,88,70,87
3108,Ravi Patel,Bangalore,Electrical,2024,87,81,79
3109,Sneha Reddy,Pune,IT,2024,61,77,72
3110,Vishal Dubey,Pune,Electronics,2023,68,86,76
3111,Arjun Singh,Ahmedabad,Electrical,2024,90,71,84
3112,Sneha Reddy,Lucknow,IT,2023,72,94,68
3113,Priya Gupta,Pune,IT,2025,75,80,75
3114,Priya Gupta,Bangalore,Mechanical,2025,67,77,67
3115,Arjun Singh,Lucknow,Electronics,2023,79,80,73
3116,Ravi Patel,Pune,Information Tech,2025,78,89,69
3117,Rahul Mehta,Lucknow,IT,2023,69,84,68
3118,Rahul Mehta,Jaipur,Electronics,2023,85,75,76
3119,Meera Iyer,Bangalore,Electrical,2023,83,74,67
3120,Sneha Reddy,Mumbai,Computer Science,2024,74,94,77
3121,Ananya Sharma,Jaipur,Electronics,2024,67,89,76
3122,Priya Gupta,Ahmedabad,Mechanical,2024,88,75,74
3123,Meera Iyer,Pune,IT,2024,60,94,71
3124,Ravi Patel,Jaipur,Information Tech,2025,82,82,75
3125,Vishal Dubey,Pune,Electrical,2024,79,72,83
3126,Tanya Jain,Hyderabad,Computer Science,2025,70,72,79
3127,Ananya Sharma,Pune,Mechanical,2023,88,80,73
3128,Priya Gupta,Ahmedabad,Mechanical,2025,81,79,89
3129,Sneha Reddy,Bangalore,Electrical,2025,72,84,80
3130,Priya Gupta,Mumbai,IT,2024,90,79,71
3131,Priya Gupta,Lucknow,Computer Science,2025,65,84,84
3132,Ravi Patel,Bangalore,IT,2023,66,82,81
3133,Meera Iyer,Indore,IT,2023,87,79,87
3134,Ananya Sharma,Bangalore,Electronics,2023,76,94,72
3135,Tanya Jain,Delhi,Electrical,2024,62,93,80
3136,Tanya Jain,Delhi,Mechanical,2024,67,85,79
3137,Arjun Singh,Ahmedabad,Civil,2024,74,90,81
3138,Meera Iyer,Mumbai,Mechanical,2024,74,77,68
3139,Ananya Sharma,Delhi,Electronics,2023,76,84,70
3140,Ananya Sharma,Mumbai,Electrical,2025,80,89,81
3141,Vishal Dubey,Hyderabad,Mechanical,2023,83,85,89
3142,Ananya Sharma,Delhi,Information Tech,2023,80,84,77
3143,Meera Iyer,Chennai,IT,2023,84,90,80
3144,Ravi Patel,Chennai,IT,2024,68,92,69
3145,Sneha Reddy,Indore,Mechanical,2023,79,86,73
3146,Sneha Reddy,Ahmedabad,IT,2023,77,80,76
3147,Meera Iyer,Lucknow,Electronics,2025,61,95,75
3148,Ravi Patel,Hyderabad,Mechanical,2023,60,92,84
3149,Rahul Mehta,Bangalore,Electrical,2023,71,78,75
3150,Priya Gupta,Lucknow,IT,2023,81,71,66
3151,Meera Iyer,Indore,Computer Science,2025,90,77,72
3152,Vishal Dubey,Chennai,Civil,2024,77,75,69
3153,Rahul Mehta,Ahmedabad,Electronics,2025,82,84,68
3154,Karan Verma,Lucknow,Computer Science,2025,81,92,83
3155,Meera Iyer,Chennai,Electronics,2025,71,93,78
3156,Arjun Singh,Indore,Civil,2024,85,92,83
3157,Ananya Sharma,Lucknow,Mechanical,2023,76,73,80
3158,Rahul Mehta,Ahmedabad,IT,2024,70,84,83
3159,Arjun Singh,Mumbai,Civil,2023,62,84,70
3160,Ravi Patel,Ahmedabad,Civil,2025,63,90,83
3161,Vishal Dubey,Indore,Mechanical,2023,64,79,76
3162,Arjun Singh,Bangalore,Electronics,2024,76,92,88
3163,Meera Iyer,Pune,Electrical,2024,89,90,81
3164,Arjun Singh,Chennai,IT,2025,78,95,70
3165,Tanya Jain,Mumbai,Information Tech,2025,90,81,71
3166,Sneha Reddy,Chennai,IT,2023,87,89,74
3167,Ananya Sharma,Pune,Computer Science,2023,86,77,86
3168,Ravi Patel,Hyderabad,Electrical,2025,81,93,69
3169,Priya Gupta,Indore,Mechanical,2025,77,82,66
3170,Rahul Mehta,Lucknow,Mechanical,2023,87,80,78
3171,Arjun Singh,Hyderabad,Information Tech,2024,89,92,75
3172,Rahul Mehta,Hyderabad,Information Tech,2025,76,70,66
3173,Sneha Reddy,Mumbai,Electronics,2025,88,90,80
3174,Karan Verma,Pune,Civil,2025,79,74,89
3175,Rahul Mehta,Ahmedabad,Electrical,2025,68,72,88
3176,Arjun Singh,Lucknow,Electrical,2025,73,78,79
3177,Meera Iyer,Indore,Electrical,2023,80,81,89
3178,Tanya Jain,Indore,Mechanical,2025,84,73,82
3179,Meera Iyer,Pune,Electrical,2023,66,90,70
3180,Ravi Patel,Hyderabad,Computer Science,2024,60,76,69
3181,Priya Gupta,Indore,Mechanical,2023,61,87,87
3182,Ananya Sharma,Chennai,Information Tech,2024,87,83,78
3183,Priya Gupta,Pune,Civil,2023,85,95,67
3184,Ravi Patel,Lucknow,Mechanical,2025,87,93,79
3185,Vishal Dubey,Jaipur,Computer Science,2025,68,74,82
3186,Arjun Singh,Lucknow,Electrical,2023,80,90,70
3187,Priya Gupta,Jaipur,Computer Science,2023,63,73,71
3188,Karan Verma,Pune,Civil,2025,62,90,85
3189,Priya Gupta,Mumbai,Mechanical,2025,83,74,78
3190,Rahul Mehta,Delhi,IT,2025,64,74,83
3191,Vishal Dubey,Delhi,Information Tech,2023,73,84,78
3192,Vishal Dubey,Indore,IT,2023,79,90,80
3193,Karan Verma,Mumbai,Civil,2025,64,73,71
3194,Ananya Sharma,Ahmedabad,Civil,2024,63,95,78
3195,Sneha Reddy,Pune,Civil,2025,80,80,72
3196,Karan Verma,Jaipur,Civil,2023,81,92,66
3197,Sneha Reddy,Jaipur,Civil,2025,70,74,82
3198,Tanya Jain,Pune,Electronics,2023,63,89,70
3199,Sneha Reddy,Pune,IT,2025,76,83,74
3200,Sneha Reddy,Pune,Civil,2023,70,72,83
3201,Karan Verma,Pune,Computer Science,2025,70,71,66
3202,Sneha Reddy,Mumbai,Mechanical,2025,61,86,71
3203,Sneha Reddy,Ahmedabad,IT,2023,61,70,83
3204,Tanya Jain,Indore,Electrical,2025,68,87,76
3205,Sneha Reddy,Hyderabad,Civil,2024,65,70,72
3206,Arjun Singh,Pune,Electrical,2025,70,77,73
3207,Tanya Jain,Delhi,Computer Science,2025,90,91,73
3208,Priya Gupta,Ahmedabad,Information Tech,2024,90,91,83
3209,Priya Gupta,Hyderabad,Mechanical,2025,77,92,70
3210,Priya Gupta,Pune,IT,2025,88,90,80
3211,Arjun Singh,Lucknow,IT,2023,69,90,88
3212,Ravi Patel,Mumbai,Mechanical,2025,77,92,90
3213,Sneha Reddy,Delhi,Computer Science,2025,62,91,68
3214,Arjun Singh,Lucknow,Information Tech,2024,63,79,65
3215,Rahul Mehta,Bangalore,Civil,2024,61,76,73
3216,Meera Iyer,Indore,Computer Science,2024,61,77,86
3217,Ananya Sharma,Ahmedabad,Information Tech,2023,82,85,78
3218,Ravi Patel,Chennai,Computer Science,2023,77,76,89
3219,Meera Iyer,Delhi,Information Tech,2025,89,73,78
3220,Rahul Mehta,Mumbai,Electronics,2024,77,83,90
3221,Rahul Mehta,Bangalore,Information Tech,2025,89,95,72
3222,Tanya Jain,Indore,Information Tech,2024,85,92,67
3223,Sneha Reddy,Chennai,Civil,2025,79,72,88
3224,Tanya Jain,Bangalore,IT,2023,80,75,83
3225,Sneha Reddy,Lucknow,Mechanical,2025,71,88,87
3226,Vishal Dubey,Hyderabad,Civil,2025,62,90,75
3227,Rahul Mehta,Ahmedabad,Mechanical,2023,84,89,81
3228,Priya Gupta,Lucknow,Electrical,2025,66,83,84
3229,Karan Verma,Pune,Electronics,2024,90,88,86
3230,Sneha Reddy,Indore,Mechanical,2024,77,91,85
3231,Karan Verma,Chennai,IT,2023,86,81,75
3232,Arjun Singh,Delhi,Electronics,2023,70,70,84
3233,Meera Iyer,Mumbai,Electrical,2024,64,76,75
3234,Ravi Patel,Delhi,Civil,2024,67,71,82
3235,Sneha Reddy,Jaipur,Mechanical,2025,64,81,90
3236,Sneha Reddy,Chennai,Civil,2023,85,81,79
3237,Vishal Dubey,Ahmedabad,Civil,2023,79,86,85
3238,Meera Iyer,Chennai,Civil,2023,87,92,84
3239,Sneha Reddy,Bangalore,Information Tech,2023,73,83,90
3240,Ravi Patel,Mumbai,Electronics,2024,82,92,72
3241,Ananya Sharma,Pune,IT,2025,87,85,71
3242,Rahul Mehta,Chennai,Electronics,2024,70,73,79
3243,Ananya Sharma,Delhi,Electronics,2025,63,90,79
3244,Karan Verma,Mumbai,IT,2025,78,76,70
3245,Rahul Mehta,Pune,Electrical,2025,90,92,68
3246,Tanya Jain,Pune,Computer Science,2023,68,72,82
3247,Priya Gupta,Bangalore,Civil,2024,84,92,78
3248,Priya Gupta,Delhi,IT,2025,74,78,73
3249,Ravi Patel,Bangalore,Information Tech,2025,65,83,69
3250,Arjun Singh,Hyderabad,Electronics,2025,61,77,84
3251,Ananya Sharma,Bangalore,Computer Science,2023,76,71,67
3252,Ravi Patel,Jaipur,Mechanical,2025,68,88,77
3253,Priya Gupta,Delhi,IT,2024,77,91,81
3254,Sneha Reddy,Jaipur,IT,2025,68,71,76
3255,Arjun Singh,Delhi,Electronics,2024,66,86,86
3256,Tanya Jain,Mumbai,Mechanical,2025,81,71,86
3257,Sneha Reddy,Indore,Information Tech,2023,65,94,74
3258,Karan Verma,Jaipur,Computer Science,2025,74,88,75
3259,Arjun Singh,Lucknow,Information Tech,2025,66,77,77
3260,Ravi Patel,Indore,IT,2023,81,75,87
3261,Meera Iyer,Indore,IT,2023,64,79,73
3262,Arjun Singh,Indore,Civil,2025,77,71,72
3263,Meera Iyer,Pune,Electrical,2024,67,83,76
3264,Ananya Sharma,Indore,Mechanical,2025,76,83,76
3265,Vishal Dubey,Ahmedabad,IT,2024,85,74,67
3266,Vishal Dubey,Jaipur,Mechanical,2024,71,95,69
3267,Karan Verma,Ahmedabad,Electrical,2024,82,79,86
3268,Sneha Reddy,Mumbai,Electronics,2023,89,75,90
3269,Meera Iyer,Chennai,Electronics,2025,63,78,83
3270,Meera Iyer,Ahmedabad,Computer Science,2025,84,81,90
3271,Vishal Dubey,Indore,Electronics,2025,76,82,88
3272,Karan Verma,Hyderabad,Electronics,2023,87,86,83
3273,Rahul Mehta,Delhi,Civil,2023,84,71,85
3274,Rahul Mehta,Indore,Computer Science,2025,66,77,73
3275,Ananya Sharma,Pune,Electronics,2023,81,78,83
3276,Rahul Mehta,Ahmedabad,Mechanical,2023,73,94,72
3277,Priya Gupta,Delhi,Mechanical,2023,71,92,68
3278,Meera Iyer,Ahmedabad,Mechanical,2023,70,83,66
3279,Meera Iyer,Pune,Information Tech,2025,78,94,87
3280,Ravi Patel,Mumbai,Electrical,2024,66,72,68
3281,Tanya Jain,Ahmedabad,Electrical,2023,68,74,83
3282,Tanya Jain,Jaipur,Mechanical,2025,61,75,74
3283,Sneha Reddy,Chennai,Civil,2023,73,87,66
3284,Karan Verma,Bangalore,Civil,2025,89,82,72
3285,Arjun Singh,Ahmedabad,Electrical,2024,68,79,78
3286,Arjun Singh,Indore,Information Tech,2024,61,75,67
3287,Ananya Sharma,Indore,Mechanical,2024,69,82,76
3288,Tanya Jain,Indore,Electrical,2025,66,94,89
3289,Karan Verma,Ahmedabad,Civil,2025,77,81,70
3290,Meera Iyer,Chennai,Electronics,2025,69,81,79
3291,Arjun Singh,Bangalore,Computer Science,2025,89,74,80
3292,Sneha Reddy,Ahmedabad,Electronics,2023,77,94,75
3293,Arjun Singh,Indore,Computer Science,2023,65,80,88
3294,Arjun Singh,Delhi,Electronics,2025,65,74,75
3295,Ananya Sharma,Pune,Electrical,2025,61,80,77
3296,Sneha Reddy,Lucknow,Electrical,2025,67,81,66
3297,Rahul Mehta,Jaipur,Information Tech,2024,80,94,90
3298,Vishal Dubey,Ahmedabad,Mechanical,2025,80,91,76
3299,Priya Gupta,Pune,Information Tech,2024,64,77,84
3300,Vishal Dubey,Hyderabad,Electrical,2023,61,81,89
3301,Meera Iyer,Delhi,Civil,2024,68,71,82
3302,Rahul Mehta,Pune,Computer Science,2023,85,92,87
3303,Ravi Patel,Lucknow,Information Tech,2024,70,95,79
3304,Meera Iyer,Indore,Electrical,2023,88,73,89
3305,Arjun Singh,Delhi,Electrical,2023,89,84,75
3306,Tanya Jain,Delhi,Civil,2024,70,89,66
3307,Ananya Sharma,Pune,Electronics,2023,64,74,81
3308,Karan Verma,Hyderabad,Electrical,2025,85,83,67
3309,Meera Iyer,Pune,Computer Science,2025,88,76,86
3310,Karan Verma,Mumbai,Mechanical,2025,60,76,88
3311,Karan Verma,Bangalore,Electrical,2023,72,77,77
3312,Vishal Dubey,Jaipur,Electronics,2024,87,80,67
3313,Tanya Jain,Ahmedabad,Electronics,2023,71,84,78
3314,Rahul Mehta,Lucknow,Electronics,2025,89,85,84
3315,Priya Gupta,Ahmedabad,Mechanical,2023,61,91,80
3316,Sneha Reddy,Bangalore,Computer Science,2023,61,78,89
3317,Ananya Sharma,Jaipur,Electrical,2024,70,94,90
3318,Tanya Jain,Mumbai,Electrical,2024,68,91,77
3319,Rahul Mehta,Indore,Electrical,2024,65,84,70
3320,Rahul Mehta,Chennai,IT,2024,71,79,69
3321,Karan Verma,Chennai,Computer Science,2025,81,83,86
3322,Ananya Sharma,Indore,Electrical,2023,81,88,71
3323,Arjun Singh,Pune,IT,2024,62,91,81
3324,Vishal Dubey,Pune,Civil,2024,70,80,75
3325,Ananya Sharma,Ahmedabad,Computer Science,2025,64,70,72
3326,Meera Iyer,Jaipur,IT,2024,78,76,72
3327,Tanya Jain,Mumbai,IT,2024,82,76,85
3328,Ananya Sharma,Mumbai,IT,2023,68,73,83
3329,Ravi Patel,Pune,Electronics,2025,78,93,78
3330,Ananya Sharma,Bangalore,Civil,2024,66,94,82
3331,Sneha Reddy,Ahmedabad,Mechanical,2025,62,81,71
3332,Priya Gupta,Bangalore,Electronics,2025,85,81,67
3333,Vishal Dubey,Hyderabad,Electronics,2024,89,91,69
3334,Priya Gupta,Ahmedabad,Computer Science,2024,87,87,80
3335,Priya Gupta,Indore,Mechanical,2023,63,75,77
3336,Karan Verma,Delhi,Mechanical,2025,83,92,79
3337,Vishal Dubey,Jaipur,Information Tech,2025,87,71,74
3338,Ravi Patel,Chennai,Mechanical,2025,81,87,74
3339,Tanya Jain,Lucknow,Information Tech,2025,67,79,89
3340,Ananya Sharma,Chennai,Electronics,2023,87,82,87
3341,Tanya Jain,Jaipur,Electronics,2025,89,80,72
3342,Arjun Singh,Pune,Civil,2023,83,85,86
3343,Tanya Jain,Mumbai,Computer Science,2024,85,94,84
3344,Ananya Sharma,Indore,Mechanical,2023,85,72,84
3345,Priya Gupta,Mumbai,Mechanical,2025,77,76,74
3346,Meera Iyer,Bangalore,Civil,2024,85,92,66
3347,Karan Verma,Jaipur,Civil,2023,62,79,88
3348,Tanya Jain,Lucknow,IT,2024,87,95,80
3349,Tanya Jain,Lucknow,IT,2024,77,85,69
3350,Sneha Reddy,Mumbai,Civil,2024,79,75,81
3351,Priya Gupta,Delhi,Mechanical,2023,66,88,79
3352,Sneha Reddy,Hyderabad,IT,2025,60,73,80
3353,Arjun Singh,Hyderabad,Information Tech,2025,74,81,88
3354,Ravi Patel,Pune,Electronics,2023,60,81,78
3355,Tanya Jain,Pune,Electronics,2023,70,75,86
3356,Meera Iyer,Indore,IT,2024,72,85,87
3357,Priya Gupta,Ahmedabad,IT,2024,82,93,79
3358,Tanya Jain,Ahmedabad,Electronics,2023,77,77,68
3359,Vishal Dubey,Delhi,Mechanical,2024,89,75,84
3360,Tanya Jain,Delhi,Electrical,2024,71,76,87
3361,Ananya Sharma,Delhi,Electrical,2025,78,81,84
3362,Meera Iyer,Delhi,IT,2025,76,79,81
3363,Priya Gupta,Pune,Electronics,2024,76,84,81
3364,Priya Gupta,Mumbai,Electrical,2025,84,73,75
3365,Ravi Patel,Bangalore,Computer Science,2023,78,73,73
3366,Ravi Patel,Chennai,IT,2023,72,71,89
3367,Vishal Dubey,Lucknow,Computer Science,2024,81,72,84
3368,Rahul Mehta,Chennai,Information Tech,2023,89,78,75
3369,Priya Gupta,Ahmedabad,Computer Science,2024,60,95,87
3370,Ananya Sharma,Pune,Electronics,2025,75,75,66
3371,Sneha Reddy,Indore,Electrical,2024,80,80,65
3372,Karan Verma,Lucknow,IT,2023,64,84,83
3373,Rahul Mehta,Lucknow,Civil,2023,63,95,88
3374,Ananya Sharma,Lucknow,Electrical,2023,60,79,75
3375,Arjun Singh,Hyderabad,Computer Science,2025,86,94,66
3376,Arjun Singh,Ahmedabad,Information Tech,2025,90,91,66
3377,Karan Verma,Mumbai,IT,2024,65,90,87
3378,Vishal Dubey,Mumbai,Electrical,2025,82,91,89
3379,Sneha Reddy,Lucknow,Electrical,2023,62,92,90
3380,Ananya Sharma,Pune,Information Tech,2025,63,88,86
3381,Arjun Singh,Indore,Electrical,2024,75,94,82
3382,Ananya Sharma,Hyderabad,Information Tech,2024,61,81,78
3383,Ananya Sharma,Ahmedabad,Civil,2023,79,89,82
3384,Karan Verma,Jaipur,IT,2025,80,86,81
3385,Rahul Mehta,Hyderabad,Mechanical,2025,71,84,84
3386,Rahul Mehta,Lucknow,Mechanical,2024,77,74,88
3387,Tanya Jain,Pune,Computer Science,2024,75,77,67
3388,Sneha Reddy,Ahmedabad,IT,2024,72,76,83
3389,Meera Iyer,Bangalore,Civil,2025,66,89,72
3390,Arjun Singh,Lucknow,IT,2025,80,78,86
3391,Vishal Dubey,Bangalore,IT,2024,67,71,71
3392,Ananya Sharma,Delhi,Electronics,2023,63,82,69
3393,Tanya Jain,Delhi,Civil,2024,73,92,68
3394,Sneha Reddy,Bangalore,Information Tech,2025,88,83,67
3395,Meera Iyer,Lucknow,Computer Science,2023,70,88,75
3396,Sneha Reddy,Jaipur,Mechanical,2024,74,91,86
3397,Rahul Mehta,Ahmedabad,Electronics,2023,69,90,67
3398,Ananya Sharma,Delhi,Electronics,2024,79,71,85
3399,Arjun Singh,Pune,Computer Science,2023,67,86,74
3400,Priya Gupta,Delhi,IT,2025,70,86,81
3401,Priya Gupta,Lucknow,Computer Science,2024,67,90,88
3402,Karan Verma,Delhi,Electronics,2025,72,76,71
3403,Vishal Dubey,Indore,Information Tech,2023,69,71,89
3404,Tanya Jain,Mumbai,Electrical,2025,63,81,75
3405,Arjun Singh,Ahmedabad,Civil,2025,84,89,74
3406,Ananya Sharma,Lucknow,Electronics,2023,73,86,90
3407,Ananya Sharma,Mumbai,Electrical,2025,64,74,71
3408,Rahul Mehta,Mumbai,Electrical,2025,84,76,65
3409,Ananya Sharma,Mumbai,Electrical,2025,67,80,86
3410,Ravi Patel,Pune,Electrical,2024,82,74,85
3411,Sneha Reddy,Chennai,Electrical,2025,69,81,78
3412,Karan Verma,Pune,Civil,2025,64,75,83
3413,Ananya Sharma,Chennai,Electronics,2024,67,90,83
3414,Rahul Mehta,Indore,Information Tech,2023,78,83,86
3415,Tanya Jain,Indore,Information Tech,2025,70,77,80
3416,Arjun Singh,Bangalore,Electrical,2024,65,71,72
3417,Arjun Singh,Ahmedabad,IT,2025,74,81,82
3418,Tanya Jain,Lucknow,Electronics,2024,77,87,87
3419,Meera Iyer,Jaipur,Electronics,2024,89,75,73
3420,Vishal Dubey,Hyderabad,IT,2025,85,86,84
3421,Rahul Mehta,Jaipur,Information Tech,2025,86,93,84
3422,Priya Gupta,Delhi,Electronics,2023,69,83,70
3423,Priya Gupta,Jaipur,Mechanical,2024,68,94,77
3424,Tanya Jain,Lucknow,Information Tech,2023,73,86,72
3425,Meera Iyer,Ahmedabad,Information Tech,2024,64,80,69
3426,Rahul Mehta,Lucknow,Electrical,2023,74,70,84
3427,Vishal Dubey,Ahmedabad,Electrical,2025,81,72,73
3428,Meera Iyer,Bangalore,Electrical,2025,63,83,71
3429,Meera Iyer,Indore,IT,2025,68,91,76
3430,Ananya Sharma,Ahmedabad,Mechanical,2025,75,75,84
3431,Rahul Mehta,Indore,Civil,2023,85,71,77
3432,Rahul Mehta,Jaipur,Mechanical,2024,75,85,89
3433,Meera Iyer,Jaipur,Mechanical,2025,72,92,70
3434,Vishal Dubey,Bangalore,Electrical,2025,76,77,80
3435,Ravi Patel,Indore,Information Tech,2025,71,78,81
3436,Sneha Reddy,Delhi,Mechanical,2023,75,88,76
3437,Rahul Mehta,Indore,Mechanical,2023,75,88,67
3438,Ravi Patel,Ahmedabad,Computer Science,2025,67,85,74
3439,Arjun Singh,Lucknow,Information Tech,2025,61,78,76
3440,Priya Gupta,Mumbai,Electrical,2024,84,73,65
3441,Karan Verma,Indore,Mechanical,2023,77,76,80
3442,Sneha Reddy,Jaipur,Electronics,2025,65,90,69
3443,Karan Verma,Jaipur,Electrical,2023,76,90,82
3444,Vishal Dubey,Indore,Information Tech,2025,86,76,66
3445,Rahul Mehta,Bangalore,Electronics,2024,65,78,78
3446,Sneha Reddy,Ahmedabad,Electrical,2024,74,74,81
3447,Meera Iyer,Jaipur,Mechanical,2024,87,75,82
3448,Ananya Sharma,Jaipur,Electronics,2023,75,90,89
3449,Karan Verma,Bangalore,Computer Science,2024,83,89,67
3450,Ravi Patel,Jaipur,Electronics,2024,66,94,75
3451,Rahul Mehta,Hyderabad,Electronics,2024,76,72,66
3452,Rahul Mehta,Lucknow,Electronics,2024,89,87,88
3453,Ravi Patel,Lucknow,Electrical,2025,62,86,68
3454,Arjun Singh,Mumbai,Electrical,2024,77,86,67
3455,Rahul Mehta,Delhi,Mechanical,2025,70,72,89
3456,Rahul Mehta,Delhi,Computer Science,2025,69,81,75
3457,Priya Gupta,Indore,IT,2024,79,90,68
3458,Ananya Sharma,Indore,Computer Science,2025,77,89,67
3459,Rahul Mehta,Jaipur,Mechanical,2023,70,73,83
3460,Vishal Dubey,Mumbai,Information Tech,2023,62,83,74
3461,Vishal Dubey,Jaipur,Mechanical,2023,70,71,84
3462,Sneha Reddy,Hyderabad,Information Tech,2024,90,90,72
3463,Priya Gupta,Chennai,Mechanical,2025,63,81,79
3464,Rahul Mehta,Ahmedabad,Information Tech,2024,87,80,75
3465,Meera Iyer,Indore,Civil,2025,73,81,66
3466,Meera Iyer,Pune,IT,2024,79,79,79
3467,Ravi Patel,Hyderabad,Electrical,2023,78,93,66
3468,Karan Verma,Pune,Mechanical,2025,61,90,72
3469,Vishal Dubey,Mumbai,Computer Science,2024,81,95,73
3470,Meera Iyer,Mumbai,Mechanical,2024,85,91,82
3471,Priya Gupta,Pune,Computer Science,2024,85,93,90
3472,Tanya Jain,Indore,Mechanical,2023,82,89,88
3473,Vishal Dubey,Indore,Civil,2024,60,76,86
3474,Arjun Singh,Hyderabad,Information Tech,2025,70,80,83
3475,Arjun Singh,Jaipur,Information Tech,2024,73,84,89
3476,Arjun Singh,Lucknow,Mechanical,2024,83,71,71
3477,Karan Verma,Chennai,Information Tech,2023,87,72,89
3478,Sneha Reddy,Mumbai,Civil,2023,86,70,73
3479,Karan Verma,Bangalore,Mechanical,2023,76,76,89
3480,Ananya Sharma,Hyderabad,Electrical,2023,70,91,83
3481,Karan Verma,Bangalore,Electrical,2025,71,73,82
3482,Sneha Reddy,Pune,IT,2024,68,79,85
3483,Rahul Mehta,Pune,Computer Science,2025,79,87,80
3484,Vishal Dubey,Lucknow,Electronics,2025,66,80,82
3485,Karan Verma,Mumbai,Electrical,2024,81,81,74
3486,Meera Iyer,Chennai,Electrical,2023,84,73,72
3487,Ravi Patel,Bangalore,IT,2024,62,94,65
3488,Sneha Reddy,Indore,Civil,2023,75,88,68
3489,Rahul Mehta,Pune,Information Tech,2024,79,90,67
3490,Ravi Patel,Ahmedabad,Civil,2025,75,78,78
3491,Karan Verma,Ahmedabad,IT,2023,71,75,83
3492,Meera Iyer,Delhi,Information Tech,2023,66,75,66
3493,Sneha Reddy,Delhi,Civil,2023,73,94,86
3494,Karan Verma,Bangalore,IT,2025,74,72,80
3495,Priya Gupta,Hyderabad,IT,2025,77,80,84
3496,Arjun Singh,Chennai,Electrical,2025,85,78,83
3497,Meera Iyer,Indore,Computer Science,2025,83,77,81
3498,Priya Gupta,Hyderabad,Information Tech,2025,67,93,81
3499,Karan Verma,Chennai,Mechanical,2024,75,81,66
3500,Tanya Jain,Lucknow,Mechanical,2024,73,93,65
3501,Tanya Jain,Ahmedabad,Mechanical,2025,70,75,82
3502,Ravi Patel,Jaipur,Electronics,2024,76,91,68
3503,Rahul Mehta,Chennai,Computer Science,2023,61,85,67
3504,Arjun Singh,Pune,Computer Science,2024,83,79,89
3505,Vishal Dubey,Lucknow,Information Tech,2025,77,77,71
3506,Arjun Singh,Lucknow,Civil,2025,65,90,88
3507,Ananya Sharma,Hyderabad,Computer Science,2023,82,75,73
3508,Priya Gupta,Pune,Electrical,2023,75,85,82
3509,Tanya Jain,Pune,Electronics,2024,73,93,87
3510,Arjun Singh,Mumbai,Information Tech,2023,67,80,85
3511,Vishal Dubey,Bangalore,Information Tech,2024,66,93,88
3512,Ananya Sharma,Pune,IT,2023,90,81,89
3513,Karan Verma,Indore,Electrical,2025,69,74,77
3514,Meera Iyer,Hyderabad,Computer Science,2024,63,92,66
3515,Vishal Dubey,Pune,Computer Science,2023,81,91,76
3516,Rahul Mehta,Jaipur,IT,2025,79,81,84
3517,Ravi Patel,Mumbai,Electronics,2024,87,90,90
3518,Meera Iyer,Ahmedabad,Electronics,2025,79,92,68
3519,Ravi Patel,Indore,Electrical,2025,74,79,82
3520,Karan Verma,Ahmedabad,Electrical,2023,72,86,74
3521,Rahul Mehta,Ahmedabad,Electrical,2025,83,82,83
3522,Tanya Jain,Jaipur,Computer Science,2023,70,71,78
3523,Ananya Sharma,Bangalore,Mechanical,2025,65,91,68
3524,Meera Iyer,Lucknow,Information Tech,2023,67,79,74
3525,Tanya Jain,Jaipur,Electronics,2023,90,87,75
3526,Meera Iyer,Hyderabad,Civil,2024,65,76,85
3527,Tanya Jain,Chennai,Computer Science,2024,80,92,81
3528,Ananya Sharma,Ahmedabad,Electrical,2025,63,83,68
3529,Arjun Singh,Indore,Mechanical,2023,66,78,88
3530,Karan Verma,Bangalore,Information Tech,2023,86,73,75
3531,Tanya Jain,Mumbai,Civil,2023,72,86,72
3532,Ravi Patel,Lucknow,IT,2024,65,95,71
3533,Rahul Mehta,Mumbai,Mechanical,2023,61,75,85
3534,Rahul Mehta,Chennai,Mechanical,2023,85,71,67
3535,Sneha Reddy,Chennai,Electrical,2023,73,75,75
3536,Ananya Sharma,Lucknow,Mechanical,2025,80,87,72
3537,Meera Iyer,Lucknow,Civil,2025,89,75,79
3538,Ananya Sharma,Indore,Electrical,2025,71,90,85
3539,Arjun Singh,Chennai,Electronics,2024,83,83,69
3540,Karan Verma,Delhi,Electrical,2024,82,73,70
3541,Arjun Singh,Delhi,Information Tech,2023,60,79,71
3542,Sneha Reddy,Bangalore,Electronics,2024,69,94,73
3543,Karan Verma,Indore,Computer Science,2025,89,74,70
3544,Ananya Sharma,Bangalore,IT,2023,79,82,67
3545,Ravi Patel,Ahmedabad,Information Tech,2024,80,86,66
3546,Priya Gupta,Pune,Civil,2023,86,84,71
3547,Ananya Sharma,Chennai,Electronics,2025,84,74,70
3548,Arjun Singh,Hyderabad,Computer Science,2024,71,76,67
3549,Ravi Patel,Indore,Civil,2023,70,83,76
3550,Priya Gupta,Lucknow,Mechanical,2025,78,73,69
3551,Arjun Singh,Jaipur,IT,2023,84,87,85
3552,Tanya Jain,Lucknow,Information Tech,2024,74,88,72
3553,Ananya Sharma,Bangalore,Information Tech,2024,89,91,82
3554,Vishal Dubey,Lucknow,Mechanical,2025,72,73,80
3555,Ravi Patel,Delhi,Electronics,2024,62,77,84
3556,Arjun Singh,Lucknow,Civil,2023,75,86,72
3557,Sneha Reddy,Chennai,Civil,2024,85,84,87
3558,Rahul Mehta,Hyderabad,Civil,2023,88,87,86
3559,Arjun Singh,Mumbai,Civil,2023,87,90,74
3560,Karan Verma,Jaipur,Electronics,2025,68,77,74
3561,Priya Gupta,Chennai,Electronics,2023,73,87,79
3562,Arjun Singh,Ahmedabad,Civil,2025,81,73,66
3563,Meera Iyer,Ahmedabad,Computer Science,2025,85,78,74
3564,Priya Gupta,Ahmedabad,Electrical,2023,80,76,79
3565,Priya Gupta,Pune,IT,2025,80,73,75
3566,Meera Iyer,Pune,Computer Science,2023,76,86,87
3567,Rahul Mehta,Pune,Civil,2024,88,70,79
3568,Ananya Sharma,Mumbai,Civil,2023,66,91,83
3569,Vishal Dubey,Chennai,Computer Science,2025,72,86,73
3570,Ravi Patel,Jaipur,Computer Science,2025,68,93,67
3571,Priya Gupta,Pune,Electronics,2023,89,89,75
3572,Rahul Mehta,Chennai,Computer Science,2023,60,78,73
3573,Meera Iyer,Indore,Computer Science,2024,63,90,87
3574,Karan Verma,Indore,Information Tech,2025,69,82,70
3575,Sneha Reddy,Ahmedabad,Electronics,2024,70,85,88
3576,Meera Iyer,Chennai,Electronics,2024,90,93,67
3577,Vishal Dubey,Indore,Information Tech,2024,84,94,76
3578,Ananya Sharma,Indore,Electrical,2023,68,87,70
3579,Vishal Dubey,Delhi,Electrical,2024,67,85,74
3580,Rahul Mehta,Pune,Civil,2025,75,75,67
3581,Priya Gupta,Lucknow,Electrical,2025,63,78,89
3582,Karan Verma,Pune,Information Tech,2024,62,93,83
3583,Arjun Singh,Bangalore,IT,2025,87,86,88
3584,Ananya Sharma,Hyderabad,IT,2025,77,70,69
3585,Tanya Jain,Chennai,Electrical,2025,67,74,65
3586,Vishal Dubey,Hyderabad,Computer Science,2025,72,71,70
3587,Ananya Sharma,Indore,Electronics,2023,82,71,66
3588,Sneha Reddy,Pune,Electrical,2023,83,86,68
3589,Karan Verma,Jaipur,Electrical,2024,82,85,87
3590,Meera Iyer,Delhi,Civil,2024,75,85,89
3591,Ananya Sharma,Pune,Mechanical,2024,83,75,85
3592,Vishal Dubey,Delhi,IT,2024,77,86,72
3593,Vishal Dubey,Bangalore,Information Tech,2025,81,81,73
3594,Karan Verma,Ahmedabad,Electrical,2023,61,80,85
3595,Vishal Dubey,Chennai,Computer Science,2023,89,75,83
3596,Ananya Sharma,Indore,IT,2023,81,83,86
3597,Ravi Patel,Lucknow,Computer Science,2023,64,80,68
3598,Tanya Jain,Hyderabad,Electronics,2023,80,82,73
3599,Karan Verma,Indore,Electrical,2024,90,89,82
3600,Arjun Singh,Pune,Mechanical,2025,88,77,74
3601,Vishal Dubey,Mumbai,Mechanical,2025,66,94,87
3602,Sneha Reddy,Lucknow,Mechanical,2025,66,70,88
3603,Rahul Mehta,Pune,Civil,2024,82,91,72
3604,Rahul Mehta,Chennai,Computer Science,2024,89,78,78
3605,Tanya Jain,Ahmedabad,Civil,2024,85,90,88
3606,Rahul Mehta,Indore,Electronics,2024,87,90,79
3607,Arjun Singh,Indore,Computer Science,2024,82,88,80
3608,Tanya Jain,Chennai,IT,2023,80,84,68
3609,Ananya Sharma,Chennai,Information Tech,2024,80,89,67
3610,Ravi Patel,Ahmedabad,Electrical,2024,89,93,78
3611,Vishal Dubey,Chennai,Electronics,2023,69,89,73
3612,Karan Verma,Mumbai,Information Tech,2025,81,88,66
3613,Priya Gupta,Mumbai,Mechanical,2023,79,87,89
3614,Priya Gupta,Lucknow,Information Tech,2023,69,73,73
3615,Ananya Sharma,Indore,Electrical,2024,82,81,87
3616,Sneha Reddy,Bangalore,Civil,2024,75,76,74
3617,Tanya Jain,Hyderabad,Information Tech,2025,71,71,81
3618,Ananya Sharma,Lucknow,Information Tech,2024,65,76,74
3619,Karan Verma,Indore,Mechanical,2024,90,74,77
3620,Ananya Sharma,Hyderabad,Civil,2023,60,82,74
3621,Priya Gupta,Jaipur,Civil,2025,75,73,84
3622,Karan Verma,Jaipur,Electronics,2025,78,86,86
3623,Tanya Jain,Chennai,Civil,2024,81,87,77
3624,Arjun Singh,Jaipur,Computer Science,2023,64,92,72
3625,Ravi Patel,Indore,IT,2023,89,75,85
3626,Rahul Mehta,Bangalore,Electronics,2024,85,94,67
3627,Priya Gupta,Pune,Mechanical,2023,80,94,78
3628,Meera Iyer,Chennai,IT,2023,77,88,84
3629,Tanya Jain,Lucknow,Electronics,2025,69,93,75
3630,Rahul Mehta,Bangalore,Mechanical,2023,71,90,84
3631,Arjun Singh,Pune,Civil,2024,90,72,71
3632,Ananya Sharma,Indore,Electrical,2023,89,87,85
3633,Tanya Jain,Jaipur,Electronics,2024,81,76,71
3634,Rahul Mehta,Lucknow,Information Tech,2025,80,84,67
3635,Priya Gupta,Hyderabad,Mechanical,2025,72,81,69
3636,Rahul Mehta,Lucknow,Mechanical,2023,64,79,80
3637,Tanya Jain,Bangalore,Electronics,2024,65,73,76
3638,Ravi Patel,Chennai,Civil,2024,81,76,73
3639,Rahul Mehta,Bangalore,Computer Science,2024,85,80,82
3640,Sneha Reddy,Bangalore,Information Tech,2024,70,76,88
3641,Sneha Reddy,Lucknow,Electronics,2025,85,84,68
3642,Ananya Sharma,Pune,Mechanical,2024,85,75,85
3643,Rahul Mehta,Chennai,Civil,2025,84,82,76
3644,Meera Iyer,Pune,Information Tech,2024,87,91,77
3645,Vishal Dubey,Hyderabad,Computer Science,2025,81,86,68
3646,Meera Iyer,Jaipur,Mechanical,2024,90,70,77
3647,Rahul Mehta,Chennai,Electronics,2024,63,77,73
3648,Arjun Singh,Ahmedabad,IT,2025,67,71,88
3649,Karan Verma,Bangalore,Electronics,2023,78,89,81
3650,Vishal Dubey,Delhi,Electrical,2025,86,75,75
3651,Sneha Reddy,Delhi,Civil,2025,65,85,74
3652,Sneha Reddy,Bangalore,Information Tech,2025,78,87,85
3653,Ravi Patel,Chennai,IT,2024,77,94,74
3654,Ravi Patel,Ahmedabad,Mechanical,2024,70,91,76
3655,Arjun Singh,Ahmedabad,Electrical,2025,66,70,77
3656,Tanya Jain,Delhi,Mechanical,2025,72,79,76
3657,Vishal Dubey,Delhi,Electrical,2024,62,94,68
3658,Sneha Reddy,Indore,Electronics,2025,77,88,84
3659,Ananya Sharma,Chennai,Mechanical,2023,66,93,76
3660,Tanya Jain,Bangalore,Civil,2025,65,84,66
3661,Rahul Mehta,Jaipur,Electronics,2025,75,75,69
3662,Tanya Jain,Indore,Civil,2023,89,87,71
3663,Ravi Patel,Mumbai,Electrical,2024,77,83,85
3664,Tanya Jain,Delhi,Information Tech,2024,65,87,77
3665,Rahul Mehta,Delhi,Civil,2025,86,79,79
3666,Tanya Jain,Jaipur,Electronics,2023,75,88,69
3667,Ravi Patel,Lucknow,Electronics,2025,79,71,69
3668,Sneha Reddy,Bangalore,IT,2025,71,88,82
3669,Ananya Sharma,Pune,Electrical,2023,82,71,81
3670,Ananya Sharma,Indore,Electronics,2025,83,79,76
3671,Rahul Mehta,Jaipur,Mechanical,2024,79,72,88
3672,Ravi Patel,Bangalore,Information Tech,2023,62,80,70
3673,Arjun Singh,Mumbai,IT,2023,88,88,79
3674,Rahul Mehta,Lucknow,Electrical,2024,75,73,83
3675,Ravi Patel,Ahmedabad,Mechanical,2024,85,82,78
3676,Ananya Sharma,Chennai,Electrical,2025,82,94,76
3677,Vishal Dubey,Hyderabad,Electronics,2023,88,81,86
3678,Sneha Reddy,Chennai,Information Tech,2025,62,91,78
3679,Tanya Jain,Mumbai,Information Tech,2023,73,87,85
3680,Tanya Jain,Chennai,Civil,2025,80,93,82
3681,Ananya Sharma,Jaipur,Mechanical,2025,80,79,88
3682,Karan Verma,Lucknow,Computer Science,2024,72,92,89
3683,Priya Gupta,Chennai,Civil,2025,71,76,78
3684,Sneha Reddy,Delhi,Civil,2024,70,90,80
3685,Tanya Jain,Mumbai,Electronics,2023,89,81,74
3686,Sneha Reddy,Bangalore,Civil,2023,65,82,74
3687,Arjun Singh,Indore,Mechanical,2023,66,91,89
3688,Ravi Patel,Pune,Electronics,2025,80,79,85
3689,Priya Gupta,Lucknow,Mechanical,2023,90,89,84
3690,Ravi Patel,Hyderabad,Information Tech,2023,84,80,85
3691,Tanya Jain,Mumbai,IT,2024,65,92,83
3692,Tanya Jain,Bangalore,Electrical,2024,83,91,74
3693,Vishal Dubey,Chennai,Electronics,2024,82,92,65
3694,Ravi Patel,Bangalore,IT,2025,71,71,78
3695,Ananya Sharma,Jaipur,Electrical,2025,86,72,77
3696,Priya Gupta,Pune,Mechanical,2025,70,91,84
3697,Arjun Singh,Lucknow,Electrical,2024,61,84,78
3698,Arjun Singh,Hyderabad,Mechanical,2025,67,81,71
3699,Arjun Singh,Indore,Information Tech,2024,90,80,89
3700,Tanya Jain,Bangalore,Computer Science,2025,76,75,70
3701,Rahul Mehta,Bangalore,Civil,2025,89,78,81
3702,Vishal Dubey,Delhi,Civil,2025,75,87,77
3703,Vishal Dubey,Delhi,IT,2024,67,90,90
3704,Arjun Singh,Jaipur,Electrical,2023,63,88,72
3705,Meera Iyer,Ahmedabad,Civil,2024,78,80,66
3706,Tanya Jain,Bangalore,Mechanical,2023,62,91,87
3707,Ravi Patel,Chennai,Mechanical,2024,69,79,73
3708,Arjun Singh,Bangalore,Electronics,2023,90,94,68
3709,Meera Iyer,Chennai,IT,2024,81,75,87
3710,Arjun Singh,Bangalore,Computer Science,2023,66,87,72
3711,Karan Verma,Mumbai,Civil,2023,81,75,88
3712,Arjun Singh,Jaipur,Information Tech,2025,68,71,81
3713,Tanya Jain,Ahmedabad,Electronics,2023,87,92,79
3714,Arjun Singh,Pune,Computer Science,2025,64,77,88
3715,Priya Gupta,Bangalore,Civil,2024,65,93,83
3716,Priya Gupta,Delhi,IT,2024,86,79,76
3717,Ravi Patel,Bangalore,Electrical,2023,85,81,80
3718,Arjun Singh,Bangalore,Information Tech,2024,70,76,70
3719,Tanya Jain,Pune,Civil,2025,83,86,76
3720,Priya Gupta,Bangalore,Electrical,2024,79,88,82
3721,Karan Verma,Pune,Electronics,2025,82,76,79
3722,Ravi Patel,Mumbai,Electronics,2023,63,85,74
3723,Vishal Dubey,Bangalore,Computer Science,2023,85,72,81
3724,Arjun Singh,Ahmedabad,Electrical,2023,65,70,76
3725,Meera Iyer,Lucknow,Mechanical,2023,83,74,75
3726,Ravi Patel,Ahmedabad,Civil,2025,70,79,65
3727,Ananya Sharma,Chennai,Information Tech,2024,72,90,68
3728,Karan Verma,Delhi,Electronics,2023,84,94,76
3729,Rahul Mehta,Bangalore,Civil,2024,61,87,80
3730,Arjun Singh,Indore,Civil,2025,71,81,67
3731,Tanya Jain,Jaipur,Mechanical,2025,77,82,89
3732,Tanya Jain,Indore,Electrical,2023,69,90,67
3733,Rahul Mehta,Mumbai,Electrical,2024,87,86,80
3734,Tanya Jain,Jaipur,Computer Science,2025,84,86,70
3735,Ananya Sharma,Bangalore,Electronics,2025,88,94,66
3736,Priya Gupta,Indore,Electrical,2025,71,83,77
3737,Arjun Singh,Indore,Electrical,2024,60,71,71
3738,Ananya Sharma,Chennai,Civil,2024,79,95,74
3739,Meera Iyer,Indore,Computer Science,2024,79,89,71
3740,Rahul Mehta,Jaipur,Mechanical,2023,67,79,66
3741,Priya Gupta,Ahmedabad,Computer Science,2024,83,86,84
3742,Arjun Singh,Chennai,IT,2024,61,94,73
3743,Rahul Mehta,Jaipur,IT,2023,67,94,85
3744,Arjun Singh,Mumbai,Mechanical,2023,76,87,82
3745,Tanya Jain,Ahmedabad,Electrical,2024,68,79,82
3746,Arjun Singh,Pune,Civil,2025,74,87,85
3747,Priya Gupta,Lucknow,IT,2023,65,92,73
3748,Vishal Dubey,Ahmedabad,Computer Science,2025,63,85,80
3749,Priya Gupta,Mumbai,Civil,2024,70,93,82
3750,Rahul Mehta,Bangalore,Mechanical,2024,78,74,86
3751,Ananya Sharma,Delhi,IT,2025,88,85,67
3752,Ravi Patel,Ahmedabad,Civil,2023,86,92,85
3753,Tanya Jain,Pune,Information Tech,2025,86,79,70
3754,Priya Gupta,Bangalore,Information Tech,2023,68,77,84
3755,Ananya Sharma,Delhi,Computer Science,2023,86,85,88
3756,Karan Verma,Mumbai,Mechanical,2025,74,81,74
3757,Meera Iyer,Lucknow,IT,2024,75,85,74
3758,Sneha Reddy,Hyderabad,Electrical,2025,90,71,79
3759,Tanya Jain,Bangalore,Information Tech,2024,76,87,79
3760,Tanya Jain,Lucknow,Computer Science,2024,68,94,85
3761,Vishal Dubey,Delhi,IT,2024,71,80,72
3762,Priya Gupta,Lucknow,Electronics,2025,80,83,79
3763,Meera Iyer,Mumbai,IT,2023,86,85,86
3764,Rahul Mehta,Lucknow,Mechanical,2023,64,86,81
3765,Rahul Mehta,Indore,Electronics,2023,70,93,85
3766,Arjun Singh,Bangalore,Electrical,2025,82,89,82
3767,Ravi Patel,Hyderabad,Electrical,2023,83,83,81
3768,Vishal Dubey,Pune,Information Tech,2025,76,86,89
3769,Ananya Sharma,Delhi,Computer Science,2025,69,89,89
3770,Sneha Reddy,Lucknow,Mechanical,2024,84,81,70
3771,Karan Verma,Pune,IT,2024,78,88,89
3772,Meera Iyer,Chennai,Electrical,2024,77,90,75
3773,Rahul Mehta,Lucknow,IT,2024,61,73,84
3774,Rahul Mehta,Hyderabad,Civil,2023,87,71,88
3775,Karan Verma,Bangalore,Computer Science,2025,71,73,78
3776,Ravi Patel,Delhi,Information Tech,2025,75,88,85
3777,Karan Verma,Bangalore,Electronics,2023,66,95,89
3778,Priya Gupta,Mumbai,IT,2023,71,86,69
3779,Meera Iyer,Delhi,Civil,2024,81,70,66
3780,Priya Gupta,Bangalore,IT,2024,67,78,88
3781,Priya Gupta,Jaipur,Electronics,2024,79,92,82
3782,Sneha Reddy,Jaipur,Civil,2023,77,72,81
3783,Vishal Dubey,Bangalore,Electrical,2023,64,91,67
3784,Arjun Singh,Hyderabad,Electrical,2023,78,83,68
3785,Arjun Singh,Jaipur,Information Tech,2023,67,86,81
3786,Rahul Mehta,Delhi,IT,2025,87,83,67
3787,Vishal Dubey,Mumbai,Mechanical,2025,86,74,66
3788,Tanya Jain,Hyderabad,Computer Science,2025,75,94,77
3789,Meera Iyer,Chennai,Electrical,2023,85,88,80
3790,Arjun Singh,Jaipur,IT,2023,79,70,73
3791,Ananya Sharma,Indore,Mechanical,2025,74,88,79
3792,Sneha Reddy,Mumbai,Information Tech,2025,67,95,89
3793,Karan Verma,Jaipur,Electrical,2023,90,83,75
3794,Arjun Singh,Lucknow,Electronics,2023,71,75,86
3795,Vishal Dubey,Mumbai,Computer Science,2024,62,76,88
3796,Sneha Reddy,Ahmedabad,IT,2023,82,77,78
3797,Rahul Mehta,Chennai,IT,2023,66,72,86
3798,Karan Verma,Lucknow,Mechanical,2024,64,92,72
3799,Tanya Jain,Chennai,IT,2025,83,89,75
3800,Sneha Reddy,Chennai,Electronics,2023,80,75,85
3801,Tanya Jain,Lucknow,IT,2023,71,81,82
3802,Rahul Mehta,Jaipur,Electrical,2023,80,81,68
3803,Karan Verma,Indore,Electrical,2025,67,73,88
3804,Priya Gupta,Delhi,Civil,2023,77,80,79
3805,Meera Iyer,Delhi,Civil,2025,85,77,65
3806,Rahul Mehta,Ahmedabad,IT,2023,73,72,90
3807,Arjun Singh,Jaipur,IT,2024,65,86,68
3808,Priya Gupta,Chennai,Information Tech,2024,64,78,88
3809,Ananya Sharma,Chennai,Computer Science,2025,73,91,67
3810,Sneha Reddy,Lucknow,Civil,2025,61,70,85
3811,Rahul Mehta,Chennai,IT,2025,77,71,85
3812,Meera Iyer,Chennai,Civil,2023,62,83,87
3813,Priya Gupta,Lucknow,Computer Science,2023,69,89,89
3814,Priya Gupta,Pune,Information Tech,2023,66,85,79
3815,Rahul Mehta,Bangalore,Information Tech,2025,64,77,80
3816,Tanya Jain,Jaipur,Electronics,2024,64,72,89
3817,Ravi Patel,Lucknow,Information Tech,2024,89,81,89
3818,Ananya Sharma,Pune,Mechanical,2025,87,71,70
3819,Priya Gupta,Bangalore,Mechanical,2024,85,82,81
3820,Vishal Dubey,Lucknow,Civil,2025,88,93,76
3821,Karan Verma,Delhi,Computer Science,2024,84,80,73
3822,Arjun Singh,Pune,Information Tech,2025,69,81,66
3823,Karan Verma,Chennai,Computer Science,2023,67,92,87
3824,Tanya Jain,Pune,Computer Science,2023,62,81,80
3825,Sneha Reddy,Hyderabad,Computer Science,2023,81,75,70
3826,Vishal Dubey,Delhi,Computer Science,2025,90,72,67
3827,Rahul Mehta,Mumbai,Electrical,2024,79,90,77
3828,Vishal Dubey,Hyderabad,Computer Science,2024,86,89,75
3829,Ananya Sharma,Indore,Mechanical,2023,65,84,77
3830,Ravi Patel,Indore,Electronics,2023,75,75,67
3831,Meera Iyer,Chennai,IT,2025,83,78,88
3832,Sneha Reddy,Mumbai,Information Tech,2025,63,84,84
3833,Tanya Jain,Hyderabad,Electrical,2024,79,86,65
3834,Sneha Reddy,Lucknow,Information Tech,2024,64,94,76
3835,Ravi Patel,Bangalore,Information Tech,2023,75,91,72
3836,Sneha Reddy,Lucknow,Electronics,2023,82,81,89
3837,Karan Verma,Hyderabad,Electronics,2025,69,80,72
3838,Rahul Mehta,Bangalore,Civil,2024,77,72,83
3839,Karan Verma,Chennai,Information Tech,2025,67,81,78
3840,Ananya Sharma,Pune,Information Tech,2024,69,93,79
3841,Ananya Sharma,Mumbai,Civil,2024,77,88,83
3842,Meera Iyer,Delhi,Computer Science,2024,87,81,77
3843,Sneha Reddy,Lucknow,Civil,2024,70,78,77
3844,Tanya Jain,Indore,Electronics,2025,65,79,72
3845,Priya Gupta,Indore,Electronics,2025,64,88,84
3846,Rahul Mehta,Pune,Electronics,2025,76,84,76
3847,Ravi Patel,Jaipur,IT,2025,76,82,79
3848,Vishal Dubey,Hyderabad,Information Tech,2025,72,73,69
3849,Ananya Sharma,Chennai,Civil,2024,88,77,69
3850,Meera Iyer,Chennai,IT,2023,67,82,82
3851,Vishal Dubey,Chennai,Computer Science,2023,87,90,80
3852,Sneha Reddy,Indore,Civil,2025,80,74,85
3853,Sneha Reddy,Indore,Electronics,2023,76,80,70
3854,Vishal Dubey,Jaipur,Computer Science,2025,74,87,79
3855,Ananya Sharma,Lucknow,Electrical,2023,74,83,74
3856,Priya Gupta,Delhi,Computer Science,2024,81,74,80
3857,Ananya Sharma,Chennai,Mechanical,2025,88,91,85
3858,Meera Iyer,Jaipur,Mechanical,2023,66,85,69
3859,Ravi Patel,Chennai,Information Tech,2025,70,77,74
3860,Meera Iyer,Lucknow,Information Tech,2023,72,92,81
3861,Vishal Dubey,Delhi,Information Tech,2025,81,78,84
3862,Ravi Patel,Lucknow,IT,2025,78,71,68
3863,Ananya Sharma,Jaipur,Computer Science,2025,77,86,72
3864,Sneha Reddy,Chennai,Information Tech,2023,89,78,86
3865,Ananya Sharma,Bangalore,Civil,2023,66,82,65
3866,Ravi Patel,Pune,Information Tech,2025,88,89,68
3867,Meera Iyer,Mumbai,Information Tech,2024,90,73,89
3868,Sneha Reddy,Hyderabad,Electronics,2023,74,95,66
3869,Arjun Singh,Pune,Computer Science,2025,64,71,70
3870,Sneha Reddy,Hyderabad,Civil,2025,62,86,73
3871,Vishal Dubey,Delhi,Civil,2025,75,90,81
3872,Meera Iyer,Indore,Mechanical,2025,87,88,88
3873,Sneha Reddy,Chennai,Mechanical,2024,89,82,83
3874,Ananya Sharma,Lucknow,Mechanical,2025,89,83,74
3875,Ananya Sharma,Pune,Computer Science,2025,63,86,72
3876,Karan Verma,Bangalore,Information Tech,2025,64,91,70
3877,Ravi Patel,Indore,Civil,2024,68,75,73
3878,Karan Verma,Pune,Civil,2025,78,71,66
3879,Arjun Singh,Pune,Electrical,2024,68,78,66
3880,Ravi Patel,Pune,Civil,2023,62,94,69
3881,Ravi Patel,Delhi,Electrical,2023,75,89,73
3882,Meera Iyer,Pune,Civil,2023,77,74,86
3883,Karan Verma,Hyderabad,Information Tech,2024,79,80,74
3884,Arjun Singh,Hyderabad,Electrical,2025,81,79,76
3885,Ananya Sharma,Chennai,Civil,2023,81,70,83
3886,Vishal Dubey,Mumbai,Civil,2024,85,72,68
3887,Rahul Mehta,Bangalore,Computer Science,2024,89,75,85
3888,Arjun Singh,Chennai,Information Tech,2023,69,82,84
3889,Ananya Sharma,Jaipur,Electronics,2024,76,81,69
3890,Ananya Sharma,Chennai,Electronics,2025,82,88,70
3891,Priya Gupta,Bangalore,Electronics,2025,86,93,75
3892,Vishal Dubey,Chennai,Mechanical,2025,84,91,71
3893,Ananya Sharma,Ahmedabad,IT,2023,82,83,88
3894,Rahul Mehta,Chennai,Civil,2025,80,72,85
3895,Priya Gupta,Chennai,Mechanical,2025,87,93,72
3896,Meera Iyer,Indore,Electrical,2025,71,81,78
3897,Tanya Jain,Pune,Information Tech,2024,85,81,81
3898,Tanya Jain,Bangalore,Electrical,2023,82,80,72
3899,Arjun Singh,Chennai,Electronics,2024,68,81,84
3900,Tanya Jain,Jaipur,Electrical,2024,61,71,70
3901,Karan Verma,Bangalore,Information Tech,2025,68,71,78
3902,Ananya Sharma,Mumbai,IT,2024,70,86,88
3903,Rahul Mehta,Chennai,Information Tech,2025,68,76,86
3904,Karan Verma,Indore,Electrical,2025,78,86,81
3905,Meera Iyer,Lucknow,Computer Science,2023,69,74,67
3906,Vishal Dubey,Delhi,Computer Science,2024,66,79,90
3907,Sneha Reddy,Pune,Computer Science,2024,68,77,83
3908,Vishal Dubey,Bangalore,Civil,2025,69,71,90
3909,Ananya Sharma,Lucknow,Electrical,2025,70,83,84
3910,Ananya Sharma,Mumbai,Information Tech,2023,74,79,72
3911,Tanya Jain,Bangalore,Civil,2025,83,74,77
3912,Arjun Singh,Hyderabad,Electronics,2023,61,85,79
3913,Sneha Reddy,Delhi,Electronics,2024,65,78,65
3914,Karan Verma,Pune,IT,2023,85,83,77
3915,Priya Gupta,Jaipur,Computer Science,2025,67,74,68
3916,Tanya Jain,Chennai,Civil,2025,73,76,82
3917,Priya Gupta,Mumbai,Civil,2025,83,75,69
3918,Rahul Mehta,Ahmedabad,Mechanical,2025,87,76,77
3919,Sneha Reddy,Mumbai,Computer Science,2025,74,88,71
3920,Ravi Patel,Jaipur,Information Tech,2024,83,74,69
3921,Sneha Reddy,Chennai,Electronics,2024,77,73,80
3922,Ananya Sharma,Lucknow,Information Tech,2025,85,84,65
3923,Sneha Reddy,Indore,Mechanical,2023,84,90,68
3924,Ananya Sharma,Lucknow,Electronics,2025,83,74,90
3925,Karan Verma,Chennai,Civil,2023,65,76,88
3926,Ananya Sharma,Bangalore,Electronics,2024,81,92,76
3927,Tanya Jain,Pune,Electronics,2023,76,89,75
3928,Meera Iyer,Indore,Mechanical,2025,90,81,68
3929,Ravi Patel,Jaipur,Computer Science,2024,78,89,90
3930,Arjun Singh,Ahmedabad,Civil,2023,69,84,68
3931,Ravi Patel,Ahmedabad,Mechanical,2023,60,84,84
3932,Tanya Jain,Indore,Computer Science,2024,86,74,76
3933,Rahul Mehta,Pune,Computer Science,2024,90,78,86
3934,Karan Verma,Mumbai,Mechanical,2024,85,84,69
3935,Vishal Dubey,Mumbai,Electronics,2025,70,84,65
3936,Meera Iyer,Mumbai,Computer Science,2023,79,90,67
3937,Ravi Patel,Hyderabad,Computer Science,2025,60,90,66
3938,Priya Gupta,Delhi,Mechanical,2025,89,86,83
3939,Rahul Mehta,Lucknow,Electrical,2024,87,80,78
3940,Vishal Dubey,Ahmedabad,Computer Science,2024,70,79,89
3941,Karan Verma,Mumbai,Mechanical,2024,84,71,82
3942,Rahul Mehta,Hyderabad,Mechanical,2024,75,75,83
3943,Sneha Reddy,Bangalore,Mechanical,2023,83,91,85
3944,Priya Gupta,Indore,Information Tech,2025,60,90,83
3945,Ravi Patel,Hyderabad,Computer Science,2023,76,77,90
3946,Meera Iyer,Bangalore,Information Tech,2024,75,70,84
3947,Meera Iyer,Jaipur,Electronics,2024,62,84,84
3948,Ravi Patel,Bangalore,Mechanical,2025,80,91,80
3949,Ananya Sharma,Hyderabad,Mechanical,2023,85,81,85
3950,Priya Gupta,Indore,Information Tech,2023,62,76,72
3951,Sneha Reddy,Mumbai,Mechanical,2025,69,80,76
3952,Ravi Patel,Indore,Electrical,2023,67,73,67
3953,Rahul Mehta,Chennai,Electronics,2025,80,80,71
3954,Meera Iyer,Bangalore,Electrical,2025,73,71,86
3955,Ananya Sharma,Hyderabad,Electrical,2025,69,81,79
3956,Ravi Patel,Lucknow,Computer Science,2025,67,73,90
3957,Ananya Sharma,Hyderabad,Information Tech,2025,71,72,84
3958,Karan Verma,Indore,Information Tech,2023,80,83,66
3959,Rahul Mehta,Chennai,Computer Science,2024,88,70,89
3960,Arjun Singh,Mumbai,Electronics,2024,69,78,87
3961,Sneha Reddy,Chennai,Computer Science,2025,64,82,71
3962,Ananya Sharma,Pune,Mechanical,2024,87,91,88
3963,Rahul Mehta,Jaipur,Computer Science,2023,62,91,73
3964,Vishal Dubey,Lucknow,Civil,2024,74,76,76
3965,Rahul Mehta,Jaipur,Information Tech,2023,61,75,77
3966,Ravi Patel,Lucknow,IT,2025,62,78,89
3967,Sneha Reddy,Lucknow,Electrical,2024,84,79,73
3968,Arjun Singh,Bangalore,Electrical,2023,84,81,76
3969,Priya Gupta,Ahmedabad,Civil,2024,64,85,88
3970,Tanya Jain,Delhi,Electronics,2024,62,85,76
3971,Vishal Dubey,Mumbai,IT,2025,83,86,69
3972,Vishal Dubey,Delhi,Mechanical,2023,83,90,70
3973,Sneha Reddy,Pune,Electronics,2024,61,81,82
3974,Vishal Dubey,Delhi,Electronics,2023,63,85,72
3975,Karan Verma,Jaipur,Civil,2023,84,85,71
3976,Sneha Reddy,Indore,IT,2023,73,89,77
3977,Karan Verma,Indore,Information Tech,2023,73,82,90
3978,Sneha Reddy,Chennai,IT,2023,61,79,67
3979,Priya Gupta,Ahmedabad,Information Tech,2023,75,94,81
3980,Sneha Reddy,Lucknow,Computer Science,2023,73,89,83
3981,Karan Verma,Indore,Information Tech,2025,74,71,67
3982,Karan Verma,Mumbai,Electrical,2025,80,84,65
3983,Meera Iyer,Bangalore,Computer Science,2023,90,82,89
3984,Arjun Singh,Lucknow,Information Tech,2025,89,90,84
3985,Sneha Reddy,Hyderabad,Information Tech,2025,79,89,83
3986,Priya Gupta,Bangalore,Information Tech,2024,69,76,85
3987,Meera Iyer,Bangalore,Information Tech,2025,66,70,78
3988,Ravi Patel,Bangalore,Mechanical,2024,63,91,73
3989,Karan Verma,Delhi,Civil,2023,67,85,67
3990,Vishal Dubey,Bangalore,Mechanical,2024,74,84,68
3991,Ananya Sharma,Delhi,IT,2025,89,77,86
3992,Vishal Dubey,Delhi,Information Tech,2024,86,86,74
3993,Rahul Mehta,Hyderabad,Information Tech,2024,69,95,84
3994,Tanya Jain,Indore,Computer Science,2024,79,77,86
3995,Tanya Jain,Jaipur,Information Tech,2024,63,84,69
3996,Ananya Sharma,Pune,Computer Science,2024,87,76,82
3997,Meera Iyer,Chennai,Electronics,2025,85,92,81
3998,Meera Iyer,Lucknow,Computer Science,2024,85,78,67
3999,Tanya Jain,Hyderabad,Electronics,2025,61,92,74
4000,Karan Verma,Jaipur,Information Tech,2024,76,94,83
4001,Meera Iyer,Indore,Electronics,2025,75,85,80
4002,Meera Iyer,Lucknow,Civil,2025,86,95,76
4003,Karan Verma,Hyderabad,Electrical,2025,63,71,81
4004,Vishal Dubey,Jaipur,IT,2024,87,82,72
4005,Sneha Reddy,Hyderabad,Mechanical,2024,66,89,85
4006,Rahul Mehta,Indore,Electrical,2023,85,87,74
4007,Priya Gupta,Hyderabad,Electronics,2025,80,86,65
4008,Arjun Singh,Delhi,Electrical,2023,72,86,72
4009,Rahul Mehta,Pune,IT,2023,62,86,89
4010,Arjun Singh,Lucknow,Electronics,2024,74,80,78
4011,Rahul Mehta,Ahmedabad,IT,2024,89,71,89
4012,Rahul Mehta,Lucknow,IT,2025,86,94,78
4013,Arjun Singh,Jaipur,IT,2025,61,95,71
4014,Sneha Reddy,Mumbai,Mechanical,2024,65,79,84
4015,Ananya Sharma,Bangalore,IT,2023,78,93,81
4016,Vishal Dubey,Lucknow,Electrical,2023,83,90,89
4017,Ananya Sharma,Jaipur,Electronics,2023,80,76,68
4018,Meera Iyer,Mumbai,Information Tech,2023,87,85,88
4019,Karan Verma,Indore,Electronics,2024,68,85,71
4020,Sneha Reddy,Hyderabad,Electrical,2023,63,90,82
4021,Sneha Reddy,Pune,Electronics,2025,69,89,82
4022,Meera Iyer,Lucknow,Civil,2024,79,73,68
4023,Rahul Mehta,Hyderabad,Electronics,2025,80,93,71
4024,Karan Verma,Lucknow,Mechanical,2025,63,80,86
4025,Ravi Patel,Ahmedabad,Civil,2023,85,79,83
4026,Priya Gupta,Delhi,IT,2023,78,93,71
4027,Sneha Reddy,Indore,Electrical,2025,73,95,75
4028,Meera Iyer,Lucknow,Electrical,2025,71,77,90
4029,Tanya Jain,Bangalore,Electronics,2024,73,85,89
4030,Priya Gupta,Hyderabad,Mechanical,2025,86,78,85
4031,Ravi Patel,Indore,Electronics,2023,69,87,86
4032,Ananya Sharma,Mumbai,Electronics,2025,79,94,76
4033,Ananya Sharma,Lucknow,Electrical,2023,64,93,89
4034,Arjun Singh,Delhi,Mechanical,2023,75,72,88
4035,Vishal Dubey,Pune,Information Tech,2023,69,81,66
4036,Priya Gupta,Bangalore,Electrical,2023,63,86,67
4037,Tanya Jain,Indore,Civil,2023,75,82,65
4038,Tanya Jain,Ahmedabad,Information Tech,2025,78,76,86
4039,Vishal Dubey,Lucknow,Electrical,2025,90,91,89
4040,Vishal Dubey,Delhi,Information Tech,2025,72,80,66
4041,Vishal Dubey,Ahmedabad,Computer Science,2024,68,84,80
4042,Arjun Singh,Mumbai,Electronics,2024,72,71,82
4043,Meera Iyer,Lucknow,Electronics,2024,78,75,77
4044,Meera Iyer,Lucknow,Electrical,2024,88,87,71
4045,Rahul Mehta,Jaipur,Mechanical,2023,68,75,76
4046,Ravi Patel,Bangalore,Electronics,2025,76,77,87
4047,Tanya Jain,Jaipur,Computer Science,2024,90,76,78
4048,Vishal Dubey,Jaipur,Mechanical,2025,77,91,81
4049,Priya Gupta,Mumbai,Civil,2025,74,80,66
4050,Ravi Patel,Jaipur,Information Tech,2024,88,93,89
4051,Arjun Singh,Lucknow,IT,2025,72,89,71
4052,Arjun Singh,Indore,Information Tech,2024,77,84,65
4053,Ananya Sharma,Jaipur,Electronics,2024,67,87,78
4054,Sneha Reddy,Indore,Electronics,2024,80,78,66
4055,Ananya Sharma,Bangalore,IT,2025,90,92,69
4056,Ravi Patel,Ahmedabad,Civil,2025,74,95,81
4057,Ananya Sharma,Bangalore,Electrical,2025,61,73,66
4058,Rahul Mehta,Jaipur,Mechanical,2025,69,76,77
4059,Karan Verma,Delhi,Civil,2023,71,92,69
4060,Sneha Reddy,Lucknow,Civil,2023,90,89,81
4061,Karan Verma,Ahmedabad,Electronics,2023,83,89,67
4062,Rahul Mehta,Lucknow,IT,2023,61,70,67
4063,Tanya Jain,Chennai,Civil,2023,85,70,67
4064,Arjun Singh,Ahmedabad,Civil,2023,64,85,89
4065,Arjun Singh,Chennai,Electrical,2025,62,80,77
4066,Vishal Dubey,Indore,Electrical,2023,73,90,75
4067,Meera Iyer,Chennai,Electronics,2023,81,75,71
4068,Arjun Singh,Indore,Information Tech,2024,88,84,84
4069,Arjun Singh,Delhi,Electrical,2023,82,90,83
4070,Sneha Reddy,Bangalore,Mechanical,2023,81,82,81
4071,Vishal Dubey,Delhi,Civil,2023,65,82,66
4072,Ravi Patel,Lucknow,Civil,2024,83,90,79
4073,Arjun Singh,Mumbai,Electronics,2023,64,89,71
4074,Ravi Patel,Ahmedabad,IT,2024,66,78,65
4075,Vishal Dubey,Chennai,Information Tech,2025,62,81,80
4076,Tanya Jain,Delhi,Electrical,2025,70,74,88
4077,Priya Gupta,Mumbai,Mechanical,2023,76,79,66
4078,Arjun Singh,Indore,Information Tech,2025,81,86,81
4079,Tanya Jain,Hyderabad,Computer Science,2023,67,74,72
4080,Ananya Sharma,Chennai,Electrical,2024,65,73,69
4081,Tanya Jain,Indore,Electrical,2023,73,90,87
4082,Meera Iyer,Delhi,Electronics,2023,81,87,74
4083,Tanya Jain,Lucknow,Mechanical,2024,90,85,78
4084,Arjun Singh,Delhi,IT,2024,80,76,80
4085,Meera Iyer,Indore,Information Tech,2025,86,88,67
4086,Priya Gupta,Indore,Mechanical,2024,83,71,88
4087,Ravi Patel,Pune,Electrical,2023,77,83,73
4088,Arjun Singh,Jaipur,Civil,2023,63,78,67
4089,Tanya Jain,Delhi,Mechanical,2023,83,77,72
4090,Arjun Singh,Chennai,Computer Science,2025,63,91,80
4091,Priya Gupta,Jaipur,Mechanical,2023,67,92,74
4092,Ravi Patel,Indore,Mechanical,2024,85,76,67
4093,Ravi Patel,Chennai,Electronics,2024,89,78,83
4094,Sneha Reddy,Indore,Electronics,2024,87,84,72
4095,Tanya Jain,Ahmedabad,Computer Science,2025,85,72,73
4096,Meera Iyer,Bangalore,Electrical,2024,67,86,87
4097,Tanya Jain,Delhi,Civil,2025,87,82,88
4098,Arjun Singh,Indore,Electronics,2024,86,94,74
4099,Rahul Mehta,Ahmedabad,Electrical,2023,79,78,75
4100,Vishal Dubey,Mumbai,Computer Science,2024,68,71,84
4101,Meera Iyer,Chennai,Electronics,2025,67,72,65
4102,Arjun Singh,Ahmedabad,Civil,2024,81,75,82
4103,Karan Verma,Indore,Information Tech,2024,71,80,86
4104,Sneha Reddy,Mumbai,Electrical,2024,70,95,87
4105,Sneha Reddy,Ahmedabad,Electrical,2023,73,82,82
4106,Ananya Sharma,Delhi,Electronics,2023,67,81,84
4107,Vishal Dubey,Bangalore,Electronics,2023,63,73,81
4108,Rahul Mehta,Ahmedabad,Computer Science,2024,83,76,83
4109,Vishal Dubey,Mumbai,Information Tech,2024,63,87,69
4110,Arjun Singh,Delhi,Electrical,2024,87,81,86
4111,Priya Gupta,Chennai,Electronics,2023,75,74,89
4112,Karan Verma,Delhi,Electronics,2025,77,92,87
4113,Ananya Sharma,Indore,Electrical,2023,78,83,85
4114,Meera Iyer,Chennai,Electrical,2023,87,76,68
4115,Sneha Reddy,Chennai,Information Tech,2025,68,75,78
4116,Sneha Reddy,Ahmedabad,Information Tech,2025,76,91,70
4117,Sneha Reddy,Ahmedabad,Information Tech,2025,66,77,72
4118,Arjun Singh,Jaipur,Electrical,2023,76,75,68
4119,Ananya Sharma,Jaipur,Mechanical,2023,87,83,66
4120,Sneha Reddy,Bangalore,Information Tech,2024,70,80,78
4121,Arjun Singh,Ahmedabad,Electrical,2025,84,79,67
4122,Sneha Reddy,Jaipur,Civil,2025,70,75,72
4123,Tanya Jain,Hyderabad,Mechanical,2025,78,85,69
4124,Rahul Mehta,Mumbai,Civil,2024,90,79,71
4125,Ravi Patel,Bangalore,Electronics,2023,77,82,80
4126,Tanya Jain,Chennai,Civil,2023,66,87,71
4127,Sneha Reddy,Jaipur,Mechanical,2023,78,72,74
4128,Ananya Sharma,Hyderabad,Electrical,2024,72,74,75
4129,Karan Verma,Lucknow,Electronics,2023,85,74,87
4130,Rahul Mehta,Pune,Information Tech,2024,87,84,77
4131,Rahul Mehta,Delhi,Information Tech,2023,71,71,73
4132,Arjun Singh,Ahmedabad,Information Tech,2023,64,94,87
4133,Sneha Reddy,Hyderabad,Electrical,2023,72,74,88
4134,Meera Iyer,Pune,Mechanical,2024,76,72,72
4135,Tanya Jain,Indore,Civil,2025,79,87,87
4136,Vishal Dubey,Bangalore,Information Tech,2025,64,91,68
4137,Sneha Reddy,Pune,IT,2024,64,81,66
4138,Sneha Reddy,Lucknow,Electronics,2024,82,84,79
4139,Priya Gupta,Mumbai,Electrical,2025,75,85,84
4140,Ravi Patel,Indore,Civil,2024,82,94,73
4141,Arjun Singh,Jaipur,Civil,2024,63,77,78
4142,Meera Iyer,Mumbai,Information Tech,2024,76,92,68
4143,Vishal Dubey,Chennai,IT,2023,72,82,82
4144,Arjun Singh,Chennai,Electrical,2023,87,81,66
4145,Karan Verma,Chennai,Computer Science,2025,72,93,72
4146,Sneha Reddy,Pune,Civil,2023,89,89,79
4147,Priya Gupta,Chennai,Electronics,2025,82,72,72
4148,Meera Iyer,Jaipur,Information Tech,2025,82,84,85
4149,Rahul Mehta,Chennai,Computer Science,2024,73,72,81
4150,Ananya Sharma,Pune,Mechanical,2025,67,73,73
4151,Meera Iyer,Chennai,Mechanical,2024,87,87,83
4152,Karan Verma,Chennai,Electrical,2023,77,85,70
4153,Arjun Singh,Chennai,Electrical,2023,64,71,68
4154,Sneha Reddy,Chennai,Electrical,2024,74,75,81
4155,Tanya Jain,Bangalore,Information Tech,2023,74,86,66
4156,Ananya Sharma,Delhi,Information Tech,2025,88,86,85
4157,Arjun Singh,Indore,Computer Science,2023,80,93,77
4158,Sneha Reddy,Bangalore,Mechanical,2024,79,94,69
4159,Priya Gupta,Hyderabad,Information Tech,2025,68,74,88
4160,Ananya Sharma,Indore,Computer Science,2023,74,85,81
4161,Meera Iyer,Pune,Electrical,2024,80,71,85
4162,Karan Verma,Chennai,Information Tech,2023,65,82,84
4163,Arjun Singh,Hyderabad,Electronics,2023,74,74,79
4164,Ravi Patel,Mumbai,Electronics,2023,70,82,65
4165,Meera Iyer,Hyderabad,Civil,2025,71,84,72
4166,Sneha Reddy,Pune,IT,2023,89,86,87
4167,Ravi Patel,Chennai,Computer Science,2023,71,77,81
4168,Vishal Dubey,Lucknow,Mechanical,2025,66,73,75
4169,Karan Verma,Indore,IT,2023,64,84,79
4170,Ravi Patel,Chennai,Civil,2024,79,89,84
4171,Ananya Sharma,Lucknow,Mechanical,2025,75,92,76
4172,Priya Gupta,Delhi,Mechanical,2024,71,81,85
4173,Tanya Jain,Ahmedabad,Electrical,2024,89,82,83
4174,Meera Iyer,Lucknow,IT,2023,65,76,80
4175,Ravi Patel,Delhi,IT,2023,61,82,79
4176,Ananya Sharma,Indore,Electronics,2024,85,93,82
4177,Meera Iyer,Bangalore,Electrical,2024,74,77,69
4178,Vishal Dubey,Pune,Computer Science,2024,77,76,83
4179,Vishal Dubey,Jaipur,Computer Science,2025,79,86,88
4180,Tanya Jain,Lucknow,Electronics,2025,65,71,81
4181,Rahul Mehta,Hyderabad,Mechanical,2025,80,71,71
4182,Priya Gupta,Jaipur,Information Tech,2025,81,91,87
4183,Ananya Sharma,Hyderabad,Information Tech,2025,65,75,85
4184,Ananya Sharma,Hyderabad,IT,2024,80,89,79
4185,Rahul Mehta,Jaipur,Information Tech,2025,90,73,70
4186,Rahul Mehta,Jaipur,Information Tech,2025,71,71,83
4187,Meera Iyer,Lucknow,Computer Science,2023,70,87,86
4188,Arjun Singh,Hyderabad,Civil,2023,87,70,74
4189,Rahul Mehta,Jaipur,Civil,2023,87,82,89
4190,Tanya Jain,Bangalore,Civil,2024,69,84,68
4191,Karan Verma,Delhi,Information Tech,2025,88,78,69
4192,Meera Iyer,Mumbai,IT,2025,61,94,65
4193,Vishal Dubey,Bangalore,Electrical,2025,80,72,75
4194,Arjun Singh,Mumbai,Information Tech,2023,72,86,83
4195,Rahul Mehta,Lucknow,Civil,2025,86,94,79
4196,Karan Verma,Pune,Electronics,2023,71,78,68
4197,Ananya Sharma,Delhi,Electrical,2023,81,77,66
4198,Arjun Singh,Delhi,Mechanical,2024,81,84,73
4199,Vishal Dubey,Mumbai,Civil,2024,63,83,78
4200,Vishal Dubey,Lucknow,Electronics,2023,69,85,70
4201,Ravi Patel,Hyderabad,Electronics,2024,85,73,79
4202,Priya Gupta,Hyderabad,Electronics,2023,71,74,69
4203,Rahul Mehta,Delhi,Computer Science,2023,83,95,89
4204,Arjun Singh,Indore,Electronics,2023,84,79,70
4205,Karan Verma,Jaipur,IT,2025,63,89,69
4206,Karan Verma,Bangalore,Electronics,2025,87,76,89
4207,Sneha Reddy,Pune,Electrical,2023,72,88,81
4208,Ravi Patel,Chennai,IT,2025,80,73,74
4209,Karan Verma,Delhi,Information Tech,2023,78,76,74
4210,Karan Verma,Indore,Electronics,2024,66,92,74
4211,Arjun Singh,Delhi,Mechanical,2023,70,80,84
4212,Ravi Patel,Bangalore,Electrical,2025,70,72,77
4213,Priya Gupta,Hyderabad,Civil,2023,78,88,77
4214,Vishal Dubey,Jaipur,Information Tech,2023,86,77,67
4215,Karan Verma,Bangalore,Mechanical,2025,90,77,75
4216,Rahul Mehta,Bangalore,Electronics,2023,67,77,72
4217,Ananya Sharma,Mumbai,Information Tech,2023,77,79,88
4218,Sneha Reddy,Lucknow,Electrical,2023,64,85,75
4219,Vishal Dubey,Bangalore,Computer Science,2023,88,85,79
4220,Ananya Sharma,Hyderabad,Computer Science,2023,71,84,83
4221,Rahul Mehta,Indore,Civil,2025,69,75,71
4222,Karan Verma,Jaipur,Computer Science,2024,62,84,84
4223,Ravi Patel,Ahmedabad,Information Tech,2023,68,80,68
4224,Ananya Sharma,Chennai,Computer Science,2025,89,92,85
4225,Vishal Dubey,Indore,Mechanical,2024,61,71,75
4226,Tanya Jain,Delhi,IT,2025,79,82,65
4227,Ananya Sharma,Indore,Computer Science,2024,66,75,72
4228,Arjun Singh,Indore,Civil,2024,80,70,72
4229,Rahul Mehta,Chennai,Information Tech,2024,78,92,76
4230,Arjun Singh,Hyderabad,Information Tech,2023,70,94,74
4231,Vishal Dubey,Delhi,Mechanical,2023,77,88,70
4232,Priya Gupta,Lucknow,Electrical,2025,81,74,72
4233,Tanya Jain,Ahmedabad,Electronics,2023,76,91,68
4234,Ananya Sharma,Chennai,Computer Science,2024,69,84,73
4235,Karan Verma,Pune,Mechanical,2025,66,81,88
4236,Sneha Reddy,Mumbai,Computer Science,2024,82,90,72
4237,Arjun Singh,Jaipur,Computer Science,2023,89,78,73
4238,Vishal Dubey,Hyderabad,Computer Science,2024,70,92,70
4239,Karan Verma,Lucknow,Information Tech,2024,86,71,74
4240,Tanya Jain,Mumbai,Electronics,2025,73,93,74
4241,Priya Gupta,Indore,IT,2025,69,71,83
4242,Rahul Mehta,Ahmedabad,IT,2025,63,74,86
4243,Tanya Jain,Mumbai,Mechanical,2023,74,73,82
4244,Sneha Reddy,Mumbai,Electronics,2023,78,95,84
4245,Arjun Singh,Jaipur,Electronics,2025,68,85,76
4246,Karan Verma,Ahmedabad,IT,2025,86,88,80
4247,Ananya Sharma,Ahmedabad,Computer Science,2023,68,93,68
4248,Vishal Dubey,Jaipur,Electronics,2023,74,94,88
4249,Arjun Singh,Indore,Civil,2025,87,83,81
4250,Ravi Patel,Jaipur,Electronics,2024,68,72,80
4251,Priya Gupta,Lucknow,Electrical,2024,87,74,90
4252,Ravi Patel,Bangalore,Electronics,2025,70,92,70
4253,Tanya Jain,Hyderabad,IT,2023,86,82,69
4254,Sneha Reddy,Ahmedabad,Mechanical,2023,76,71,69
4255,Rahul Mehta,Jaipur,Electronics,2025,64,85,78
4256,Ananya Sharma,Chennai,Civil,2024,80,90,70
4257,Vishal Dubey,Bangalore,Information Tech,2024,83,76,67
4258,Ravi Patel,Indore,Electrical,2023,85,88,68
4259,Ananya Sharma,Jaipur,Mechanical,2023,60,81,89
4260,Sneha Reddy,Chennai,Information Tech,2023,67,82,78
4261,Ananya Sharma,Lucknow,Electronics,2023,66,80,74
4262,Priya Gupta,Ahmedabad,Information Tech,2023,79,83,86
4263,Arjun Singh,Mumbai,Civil,2024,72,95,88
4264,Priya Gupta,Hyderabad,Electronics,2023,82,81,76
4265,Ravi Patel,Lucknow,Information Tech,2024,90,73,81
4266,Tanya Jain,Jaipur,Electrical,2023,70,85,84
4267,Ananya Sharma,Indore,Electrical,2024,62,74,79
4268,Arjun Singh,Hyderabad,Computer Science,2024,64,94,89
4269,Tanya Jain,Delhi,Electronics,2025,66,93,75
4270,Vishal Dubey,Mumbai,Information Tech,2025,71,75,85
4271,Ravi Patel,Mumbai,Civil,2024,71,94,82
4272,Arjun Singh,Chennai,Computer Science,2025,63,93,73
4273,Rahul Mehta,Hyderabad,Computer Science,2023,79,94,88
4274,Karan Verma,Lucknow,Mechanical,2024,72,80,79
4275,Ananya Sharma,Pune,Electronics,2024,79,78,66
4276,Tanya Jain,Chennai,Electrical,2024,69,87,83
4277,Rahul Mehta,Pune,Electrical,2023,72,94,71
4278,Ravi Patel,Hyderabad,IT,2024,67,74,75
4279,Rahul Mehta,Hyderabad,Mechanical,2025,77,89,77
4280,Arjun Singh,Indore,Civil,2023,75,74,82
4281,Ananya Sharma,Mumbai,Computer Science,2024,77,86,70
4282,Priya Gupta,Hyderabad,Civil,2023,61,80,76
4283,Tanya Jain,Chennai,Civil,2024,89,75,65
4284,Ananya Sharma,Delhi,Electrical,2023,78,81,76
4285,Tanya Jain,Ahmedabad,Mechanical,2023,67,75,71
4286,Vishal Dubey,Chennai,Information Tech,2025,90,84,68
4287,Karan Verma,Mumbai,Computer Science,2024,65,75,70
4288,Sneha Reddy,Jaipur,Information Tech,2025,89,78,86
4289,Ananya Sharma,Indore,Electrical,2023,80,76,88
4290,Rahul Mehta,Pune,IT,2025,77,74,76
4291,Karan Verma,Lucknow,Information Tech,2023,60,81,78
4292,Arjun Singh,Indore,IT,2025,88,85,80
4293,Priya Gupta,Indore,Electronics,2025,81,83,79
4294,Meera Iyer,Delhi,Information Tech,2023,73,88,74
4295,Vishal Dubey,Mumbai,Mechanical,2023,86,91,75
4296,Karan Verma,Mumbai,Electronics,2025,72,81,90
4297,Arjun Singh,Lucknow,Electronics,2023,76,95,86
4298,Ananya Sharma,Delhi,Electronics,2023,80,89,83
4299,Karan Verma,Delhi,IT,2025,85,73,88
4300,Rahul Mehta,Lucknow,Mechanical,2025,76,72,72
4301,Karan Verma,Ahmedabad,Electronics,2023,86,93,80
4302,Karan Verma,Lucknow,Electrical,2024,61,88,66
4303,Ravi Patel,Mumbai,IT,2023,66,72,80
4304,Arjun Singh,Indore,Computer Science,2024,66,89,68
4305,Sneha Reddy,Pune,Civil,2024,64,76,87
4306,Meera Iyer,Pune,Computer Science,2024,80,78,80
4307,Priya Gupta,Chennai,IT,2025,84,72,86
4308,Rahul Mehta,Indore,Civil,2024,68,80,65
4309,Tanya Jain,Ahmedabad,Electrical,2024,87,93,82
4310,Karan Verma,Bangalore,Civil,2025,86,94,71
4311,Rahul Mehta,Chennai,Electrical,2024,77,91,86
4312,Vishal Dubey,Pune,Mechanical,2024,73,80,82
4313,Sneha Reddy,Indore,Information Tech,2025,77,77,67
4314,Karan Verma,Mumbai,Computer Science,2024,67,92,70
4315,Sneha Reddy,Ahmedabad,Information Tech,2025,72,74,84
4316,Arjun Singh,Chennai,Information Tech,2024,79,80,88
4317,Priya Gupta,Lucknow,Computer Science,2025,70,86,70
4318,Ananya Sharma,Pune,Electrical,2023,87,83,81
4319,Rahul Mehta,Pune,Electrical,2023,78,79,89
4320,Rahul Mehta,Mumbai,Electronics,2024,69,93,67
4321,Ananya Sharma,Indore,Computer Science,2024,71,83,79
4322,Tanya Jain,Pune,Information Tech,2023,82,74,88
4323,Meera Iyer,Hyderabad,IT,2023,77,94,76
4324,Meera Iyer,Delhi,IT,2024,64,95,78
4325,Vishal Dubey,Hyderabad,Electronics,2025,64,92,86
4326,Priya Gupta,Bangalore,IT,2024,77,84,74
4327,Ananya Sharma,Lucknow,Mechanical,2024,70,81,89
4328,Ananya Sharma,Delhi,Mechanical,2024,62,85,74
4329,Ravi Patel,Lucknow,Information Tech,2025,67,90,67
4330,Arjun Singh,Mumbai,Information Tech,2023,67,72,83
4331,Karan Verma,Jaipur,Civil,2023,72,92,76
4332,Rahul Mehta,Jaipur,Information Tech,2023,82,79,73
4333,Ananya Sharma,Chennai,IT,2023,65,82,87
4334,Ananya Sharma,Jaipur,Civil,2024,70,74,80
4335,Tanya Jain,Ahmedabad,Civil,2025,84,90,73
4336,Vishal Dubey,Delhi,Electronics,2023,87,93,83
4337,Meera Iyer,Mumbai,Information Tech,2025,81,76,77
4338,Sneha Reddy,Chennai,Electronics,2023,82,75,87
4339,Rahul Mehta,Lucknow,Civil,2023,86,70,88
4340,Karan Verma,Ahmedabad,Computer Science,2023,82,74,76
4341,Ravi Patel,Indore,Mechanical,2023,83,90,85
4342,Priya Gupta,Pune,Electrical,2024,75,79,81
4343,Ravi Patel,Indore,Electronics,2023,73,80,89
4344,Rahul Mehta,Hyderabad,Mechanical,2025,67,81,83
4345,Ravi Patel,Delhi,Civil,2024,69,79,77
4346,Vishal Dubey,Indore,Mechanical,2024,67,78,71
4347,Karan Verma,Mumbai,Mechanical,2024,86,77,79
4348,Rahul Mehta,Chennai,Computer Science,2023,74,70,81
4349,Ananya Sharma,Indore,IT,2023,78,92,72
4350,Rahul Mehta,Jaipur,Civil,2024,87,70,83
4351,Ravi Patel,Mumbai,Civil,2024,61,93,89
4352,Meera Iyer,Delhi,Civil,2024,78,82,70
4353,Ravi Patel,Hyderabad,Computer Science,2025,87,70,71
4354,Tanya Jain,Indore,IT,2023,60,73,84
4355,Karan Verma,Pune,IT,2025,65,76,85
4356,Arjun Singh,Hyderabad,Electronics,2024,65,78,81
4357,Arjun Singh,Hyderabad,IT,2024,82,78,70
4358,Tanya Jain,Delhi,Information Tech,2025,79,76,77
4359,Ravi Patel,Jaipur,Computer Science,2023,86,77,73
4360,Ravi Patel,Delhi,Electronics,2023,89,85,88
4361,Arjun Singh,Bangalore,Information Tech,2024,74,72,83
4362,Priya Gupta,Indore,IT,2023,77,71,88
4363,Ravi Patel,Ahmedabad,IT,2025,89,79,76
4364,Tanya Jain,Hyderabad,Computer Science,2024,62,89,87
4365,Arjun Singh,Indore,Electrical,2024,76,72,69
4366,Karan Verma,Ahmedabad,Information Tech,2025,65,86,87
4367,Vishal Dubey,Delhi,IT,2025,82,94,89
4368,Vishal Dubey,Delhi,Electronics,2025,68,93,67
4369,Karan Verma,Mumbai,Mechanical,2025,90,80,84
4370,Karan Verma,Hyderabad,Mechanical,2023,74,84,86
4371,Priya Gupta,Lucknow,Computer Science,2024,68,81,66
4372,Rahul Mehta,Chennai,Computer Science,2025,78,87,81
4373,Ananya Sharma,Lucknow,Computer Science,2023,86,84,69
4374,Ananya Sharma,Chennai,IT,2025,79,70,84
4375,Sneha Reddy,Lucknow,Mechanical,2024,64,82,84
4376,Sneha Reddy,Delhi,Mechanical,2023,87,90,69
4377,Vishal Dubey,Bangalore,Mechanical,2023,86,78,80
4378,Ravi Patel,Ahmedabad,Computer Science,2025,87,93,81
4379,Arjun Singh,Indore,Computer Science,2024,70,87,87
4380,Ananya Sharma,Pune,Civil,2025,80,81,79
4381,Ananya Sharma,Bangalore,Mechanical,2025,64,81,89
4382,Arjun Singh,Pune,Computer Science,2024,82,72,78
4383,Ananya Sharma,Mumbai,Electrical,2024,67,71,84
4384,Priya Gupta,Lucknow,Computer Science,2024,89,82,81
4385,Rahul Mehta,Delhi,Computer Science,2023,76,88,75
4386,Rahul Mehta,Jaipur,Civil,2024,64,91,87
4387,Ananya Sharma,Indore,Information Tech,2024,61,83,77
4388,Ravi Patel,Chennai,Computer Science,2023,70,94,80
4389,Priya Gupta,Mumbai,Mechanical,2024,71,76,83
4390,Arjun Singh,Hyderabad,Computer Science,2024,76,95,79
4391,Ananya Sharma,Bangalore,Civil,2024,67,77,68
4392,Priya Gupta,Mumbai,Electrical,2023,86,75,84
4393,Rahul Mehta,Hyderabad,Electronics,2024,79,72,89
4394,Rahul Mehta,Chennai,IT,2023,68,79,77
4395,Arjun Singh,Pune,Civil,2023,65,81,87
4396,Meera Iyer,Chennai,Information Tech,2024,66,88,65
4397,Rahul Mehta,Lucknow,Information Tech,2023,77,92,78
4398,Arjun Singh,Ahmedabad,Information Tech,2023,76,76,82
4399,Tanya Jain,Lucknow,Civil,2023,81,72,88
4400,Arjun Singh,Indore,IT,2024,75,89,83
4401,Sneha Reddy,Mumbai,Civil,2024,71,82,86
4402,Karan Verma,Hyderabad,Electrical,2025,85,76,81
4403,Meera Iyer,Pune,IT,2023,85,81,86
4404,Meera Iyer,Chennai,Mechanical,2025,82,74,81
4405,Priya Gupta,Bangalore,Mechanical,2025,87,83,73
4406,Arjun Singh,Delhi,Electrical,2023,76,76,83
4407,Rahul Mehta,Chennai,IT,2024,88,75,83
4408,Ravi Patel,Mumbai,Electronics,2025,89,89,82
4409,Meera Iyer,Bangalore,Information Tech,2025,65,83,86
4410,Meera Iyer,Jaipur,Information Tech,2024,70,80,68
4411,Ananya Sharma,Pune,Civil,2025,80,94,80
4412,Rahul Mehta,Chennai,IT,2025,75,90,68
4413,Meera Iyer,Hyderabad,Computer Science,2023,61,71,69
4414,Meera Iyer,Indore,Mechanical,2023,79,79,89
4415,Vishal Dubey,Jaipur,Electronics,2023,77,76,66
4416,Meera Iyer,Chennai,Computer Science,2025,63,74,65
4417,Arjun Singh,Mumbai,Electronics,2025,62,76,65
4418,Rahul Mehta,Mumbai,Computer Science,2025,68,94,90
4419,Ananya Sharma,Pune,Civil,2024,63,85,74
4420,Arjun Singh,Mumbai,Mechanical,2025,72,74,88
4421,Meera Iyer,Pune,Electronics,2024,70,85,73
4422,Arjun Singh,Ahmedabad,Electronics,2025,65,92,78
4423,Karan Verma,Indore,Information Tech,2024,61,82,72
4424,Priya Gupta,Mumbai,Electronics,2024,78,93,85
4425,Arjun Singh,Pune,Electronics,2024,85,85,89
4426,Tanya Jain,Delhi,Information Tech,2025,87,91,83
4427,Sneha Reddy,Mumbai,Civil,2025,73,73,83
4428,Karan Verma,Jaipur,IT,2025,84,95,88
4429,Karan Verma,Bangalore,Civil,2023,64,72,83
4430,Ananya Sharma,Hyderabad,Information Tech,2024,84,76,70
4431,Vishal Dubey,Mumbai,Computer Science,2024,80,72,77
4432,Karan Verma,Jaipur,Mechanical,2023,62,95,79
4433,Sneha Reddy,Chennai,Mechanical,2024,62,79,80
4434,Arjun Singh,Indore,Computer Science,2023,70,78,71
4435,Tanya Jain,Chennai,Electronics,2025,81,73,76
4436,Rahul Mehta,Lucknow,Computer Science,2023,84,92,85
4437,Meera Iyer,Delhi,IT,2023,82,88,84
4438,Karan Verma,Pune,IT,2023,63,91,76
4439,Arjun Singh,Lucknow,Civil,2024,85,90,80
4440,Priya Gupta,Delhi,Computer Science,2023,66,77,89
4441,Ravi Patel,Pune,IT,2025,69,73,77
4442,Ravi Patel,Indore,Mechanical,2024,83,77,85
4443,Ravi Patel,Mumbai,Civil,2024,78,85,85
4444,Rahul Mehta,Ahmedabad,IT,2023,73,78,87
4445,Ananya Sharma,Mumbai,Information Tech,2025,79,85,76
4446,Priya Gupta,Hyderabad,Information Tech,2023,69,71,68
4447,Priya Gupta,Ahmedabad,Mechanical,2024,87,91,66
4448,Rahul Mehta,Jaipur,Electrical,2023,74,73,67
4449,Karan Verma,Pune,Electronics,2025,69,91,74
4450,Karan Verma,Pune,Electrical,2025,84,88,69
4451,Vishal Dubey,Lucknow,Computer Science,2024,74,86,89
4452,Ananya Sharma,Ahmedabad,Mechanical,2024,69,93,82
4453,Sneha Reddy,Hyderabad,Civil,2023,76,72,79
4454,Priya Gupta,Indore,Civil,2025,88,87,85
4455,Vishal Dubey,Pune,Civil,2024,70,92,81
4456,Sneha Reddy,Mumbai,Mechanical,2023,78,81,76
4457,Tanya Jain,Ahmedabad,Electrical,2024,74,70,75
4458,Sneha Reddy,Delhi,IT,2024,79,81,72
4459,Meera Iyer,Pune,Civil,2025,79,71,82
4460,Rahul Mehta,Lucknow,IT,2025,63,85,88
4461,Tanya Jain,Pune,Information Tech,2024,87,70,66
4462,Rahul Mehta,Hyderabad,Computer Science,2025,77,77,82
4463,Ravi Patel,Bangalore,Civil,2025,61,81,79
4464,Arjun Singh,Bangalore,Computer Science,2023,83,94,79
4465,Rahul Mehta,Pune,Computer Science,2025,71,78,65
4466,Vishal Dubey,Chennai,Information Tech,2023,61,82,89
4467,Rahul Mehta,Mumbai,Information Tech,2023,85,91,77
4468,Karan Verma,Ahmedabad,Civil,2023,75,86,69
4469,Tanya Jain,Bangalore,Computer Science,2024,89,80,82
4470,Priya Gupta,Delhi,Computer Science,2025,80,93,69
4471,Tanya Jain,Hyderabad,IT,2024,72,91,75
4472,Priya Gupta,Lucknow,Computer Science,2024,84,86,71
4473,Priya Gupta,Delhi,Civil,2023,71,77,76
4474,Rahul Mehta,Bangalore,IT,2023,68,93,73
4475,Priya Gupta,Lucknow,Civil,2024,79,71,85
4476,Arjun Singh,Ahmedabad,Electronics,2023,80,79,74
4477,Sneha Reddy,Lucknow,Civil,2024,82,89,71
4478,Vishal Dubey,Ahmedabad,Civil,2023,82,85,72
4479,Sneha Reddy,Lucknow,Computer Science,2024,71,84,76
4480,Ananya Sharma,Bangalore,IT,2025,65,81,85
4481,Tanya Jain,Jaipur,Mechanical,2025,73,86,78
4482,Karan Verma,Hyderabad,Civil,2025,61,92,89
4483,Ravi Patel,Lucknow,Mechanical,2025,71,79,86
4484,Ananya Sharma,Hyderabad,Civil,2023,64,86,86
4485,Sneha Reddy,Lucknow,Electronics,2025,62,84,66
4486,Vishal Dubey,Hyderabad,Civil,2025,61,86,85
4487,Arjun Singh,Lucknow,IT,2025,77,91,84
4488,Arjun Singh,Delhi,Information Tech,2024,72,86,87
4489,Sneha Reddy,Hyderabad,IT,2023,61,86,82
4490,Tanya Jain,Mumbai,Civil,2025,62,85,89
4491,Tanya Jain,Mumbai,Computer Science,2024,64,87,66
4492,Ananya Sharma,Ahmedabad,Information Tech,2024,84,73,87
4493,Arjun Singh,Chennai,Information Tech,2023,73,77,80
4494,Tanya Jain,Hyderabad,Civil,2025,82,74,85
4495,Sneha Reddy,Chennai,IT,2023,89,74,86
4496,Rahul Mehta,Hyderabad,Computer Science,2025,79,85,79
4497,Rahul Mehta,Bangalore,Computer Science,2024,89,76,71
4498,Karan Verma,Pune,Electrical,2024,79,87,86
4499,Arjun Singh,Ahmedabad,Mechanical,2024,66,75,89
4500,Ravi Patel,Bangalore,Information Tech,2025,78,83,88
4501,Ravi Patel,Hyderabad,Information Tech,2024,69,86,67
4502,Sneha Reddy,Mumbai,Electronics,2024,85,80,87
4503,Meera Iyer,Indore,Computer Science,2024,68,74,78
4504,Meera Iyer,Mumbai,IT,2023,82,86,76
4505,Priya Gupta,Delhi,IT,2025,89,93,72
4506,Tanya Jain,Ahmedabad,Computer Science,2025,70,93,74
4507,Karan Verma,Pune,Computer Science,2023,76,73,70
4508,Vishal Dubey,Mumbai,Information Tech,2025,70,84,83
4509,Rahul Mehta,Jaipur,Electronics,2023,87,82,72
4510,Sneha Reddy,Indore,Information Tech,2025,68,79,81
4511,Meera Iyer,Hyderabad,Electronics,2024,62,84,84
4512,Tanya Jain,Lucknow,Mechanical,2023,76,77,87
4513,Arjun Singh,Lucknow,Mechanical,2024,73,84,87
4514,Karan Verma,Delhi,Computer Science,2023,76,77,87
4515,Tanya Jain,Chennai,Computer Science,2024,63,91,66
4516,Sneha Reddy,Chennai,Mechanical,2023,75,91,74
4517,Karan Verma,Chennai,Electronics,2025,68,89,70
4518,Vishal Dubey,Hyderabad,Information Tech,2024,67,86,67
4519,Rahul Mehta,Delhi,Electrical,2024,75,90,69
4520,Priya Gupta,Lucknow,Computer Science,2025,67,93,87
4521,Meera Iyer,Ahmedabad,Mechanical,2023,86,84,88
4522,Ananya Sharma,Mumbai,Electronics,2023,77,72,69
4523,Arjun Singh,Delhi,IT,2025,63,76,68
4524,Ravi Patel,Pune,Civil,2024,79,78,80
4525,Rahul Mehta,Jaipur,Civil,2023,69,79,72
4526,Karan Verma,Indore,Electrical,2024,83,93,90
4527,Ravi Patel,Bangalore,Electronics,2023,69,87,85
4528,Tanya Jain,Jaipur,Mechanical,2024,80,94,75
4529,Arjun Singh,Delhi,Information Tech,2024,63,86,69
4530,Ananya Sharma,Mumbai,Civil,2025,69,90,78
4531,Arjun Singh,Mumbai,Electrical,2023,72,85,83
4532,Priya Gupta,Jaipur,Mechanical,2023,70,79,73
4533,Vishal Dubey,Jaipur,Civil,2024,86,70,83
4534,Arjun Singh,Delhi,Computer Science,2025,83,90,75
4535,Tanya Jain,Hyderabad,Information Tech,2023,81,91,74
4536,Ravi Patel,Chennai,Electrical,2025,81,83,84
4537,Karan Verma,Hyderabad,Computer Science,2023,81,78,82
4538,Ravi Patel,Jaipur,Mechanical,2023,64,89,86
4539,Ravi Patel,Hyderabad,Electronics,2023,66,75,72
4540,Karan Verma,Indore,Information Tech,2024,75,92,77
4541,Ravi Patel,Lucknow,Electronics,2024,78,86,68
4542,Ananya Sharma,Ahmedabad,Civil,2024,67,77,82
4543,Tanya Jain,Pune,Computer Science,2025,63,72,89
4544,Karan Verma,Jaipur,Electrical,2024,75,73,72
4545,Karan Verma,Bangalore,Information Tech,2023,80,83,67
4546,Meera Iyer,Lucknow,Mechanical,2024,70,82,83
4547,Arjun Singh,Pune,Electrical,2023,70,93,84
4548,Meera Iyer,Delhi,Information Tech,2025,82,78,79
4549,Priya Gupta,Ahmedabad,Electrical,2024,87,73,87
4550,Sneha Reddy,Ahmedabad,Computer Science,2025,80,81,70
4551,Tanya Jain,Hyderabad,IT,2023,73,85,67
4552,Arjun Singh,Pune,Electronics,2023,77,89,77
4553,Priya Gupta,Ahmedabad,Computer Science,2025,68,91,72
4554,Rahul Mehta,Lucknow,Civil,2023,89,81,66
4555,Arjun Singh,Chennai,IT,2024,76,81,74
4556,Meera Iyer,Delhi,Electronics,2023,71,92,81
4557,Meera Iyer,Chennai,Information Tech,2025,78,87,83
4558,Vishal Dubey,Ahmedabad,Electronics,2023,72,75,73
4559,Meera Iyer,Pune,Computer Science,2024,72,86,70
4560,Meera Iyer,Bangalore,Electrical,2024,75,73,78
4561,Ravi Patel,Delhi,Electronics,2025,70,91,83
4562,Vishal Dubey,Hyderabad,Civil,2024,63,85,86
4563,Vishal Dubey,Pune,Electrical,2024,84,83,88
4564,Meera Iyer,Ahmedabad,Electronics,2025,88,85,84
4565,Tanya Jain,Indore,IT,2025,74,84,85
4566,Ananya Sharma,Mumbai,Computer Science,2025,84,71,79
4567,Priya Gupta,Delhi,Information Tech,2023,70,90,89
4568,Karan Verma,Ahmedabad,Computer Science,2025,75,76,76
4569,Rahul Mehta,Indore,Computer Science,2023,63,80,90
4570,Priya Gupta,Mumbai,IT,2023,71,95,72
4571,Meera Iyer,Lucknow,Electronics,2025,86,85,86
4572,Meera Iyer,Hyderabad,Computer Science,2023,81,81,75
4573,Priya Gupta,Chennai,Information Tech,2023,84,81,85
4574,Sneha Reddy,Mumbai,Electronics,2023,67,81,74
4575,Rahul Mehta,Pune,IT,2023,61,76,66
4576,Rahul Mehta,Bangalore,Civil,2023,70,72,74
4577,Priya Gupta,Ahmedabad,Civil,2023,67,77,89
4578,Ravi Patel,Indore,Electronics,2023,64,94,79
4579,Ananya Sharma,Indore,IT,2024,71,86,70
4580,Vishal Dubey,Jaipur,Computer Science,2023,85,78,84
4581,Sneha Reddy,Pune,Computer Science,2023,63,82,81
4582,Arjun Singh,Ahmedabad,Computer Science,2023,61,82,80
4583,Rahul Mehta,Indore,Electrical,2024,75,90,77
4584,Rahul Mehta,Jaipur,Computer Science,2024,76,75,70
4585,Ananya Sharma,Chennai,Information Tech,2025,67,91,85
4586,Priya Gupta,Lucknow,Mechanical,2023,75,70,88
4587,Tanya Jain,Bangalore,Mechanical,2025,77,78,72
4588,Tanya Jain,Bangalore,Information Tech,2024,90,75,82
4589,Vishal Dubey,Indore,Information Tech,2023,72,91,78
4590,Ananya Sharma,Ahmedabad,Mechanical,2023,87,81,68
4591,Ravi Patel,Lucknow,IT,2023,85,93,87
4592,Meera Iyer,Pune,Electrical,2024,66,78,67
4593,Sneha Reddy,Bangalore,Electronics,2025,83,91,89
4594,Karan Verma,Pune,Information Tech,2023,70,73,85
4595,Ravi Patel,Pune,Computer Science,2024,66,79,78
4596,Rahul Mehta,Lucknow,Electronics,2025,61,81,67
4597,Karan Verma,Lucknow,Electrical,2024,62,95,74
4598,Ravi Patel,Pune,Computer Science,2023,86,93,72
4599,Priya Gupta,Chennai,Mechanical,2025,76,77,66
4600,Vishal Dubey,Mumbai,Civil,2023,84,90,74
4601,Ravi Patel,Ahmedabad,Electrical,2024,61,72,85
4602,Ananya Sharma,Lucknow,Mechanical,2024,80,76,72
4603,Rahul Mehta,Delhi,Computer Science,2024,62,92,75
4604,Ananya Sharma,Delhi,Computer Science,2025,66,91,71
4605,Tanya Jain,Indore,Computer Science,2025,67,95,88
4606,Vishal Dubey,Hyderabad,Electrical,2023,62,77,66
4607,Ananya Sharma,Delhi,Information Tech,2024,84,75,83
4608,Ravi Patel,Ahmedabad,Information Tech,2023,67,94,85
4609,Karan Verma,Lucknow,Civil,2025,89,71,71
4610,Ananya Sharma,Mumbai,Electronics,2023,86,81,81
4611,Sneha Reddy,Indore,Computer Science,2024,82,80,85
4612,Ravi Patel,Lucknow,Mechanical,2024,78,71,78
4613,Ravi Patel,Chennai,Electronics,2023,62,78,89
4614,Vishal Dubey,Bangalore,Computer Science,2023,79,82,78
4615,Meera Iyer,Mumbai,Computer Science,2025,71,76,75
4616,Meera Iyer,Ahmedabad,IT,2024,73,71,84
4617,Vishal Dubey,Hyderabad,Information Tech,2025,79,73,82
4618,Ananya Sharma,Indore,Computer Science,2024,70,80,79
4619,Ravi Patel,Mumbai,Mechanical,2023,63,71,81
4620,Tanya Jain,Chennai,Electrical,2023,83,88,72
4621,Rahul Mehta,Jaipur,Computer Science,2025,89,70,81
4622,Ananya Sharma,Bangalore,Information Tech,2023,62,81,88
4623,Priya Gupta,Jaipur,Computer Science,2024,85,87,87
4624,Tanya Jain,Chennai,Electronics,2024,67,72,76
4625,Ravi Patel,Pune,Information Tech,2023,75,91,68
4626,Ananya Sharma,Indore,Computer Science,2024,71,79,66
4627,Vishal Dubey,Pune,Civil,2024,81,75,75
4628,Sneha Reddy,Pune,Electrical,2025,72,77,65
4629,Tanya Jain,Pune,Mechanical,2025,88,85,90
4630,Ananya Sharma,Delhi,Computer Science,2023,67,79,71
4631,Meera Iyer,Mumbai,Civil,2024,63,90,76
4632,Tanya Jain,Chennai,Electrical,2025,82,86,88
4633,Priya Gupta,Chennai,Mechanical,2025,83,95,69
4634,Meera Iyer,Pune,Mechanical,2023,79,79,83
4635,Rahul Mehta,Indore,Information Tech,2024,76,90,89
4636,Ananya Sharma,Mumbai,IT,2024,70,84,75
4637,Arjun Singh,Bangalore,Electronics,2024,84,83,84
4638,Karan Verma,Indore,Mechanical,2025,69,94,77
4639,Ananya Sharma,Indore,Electrical,2025,70,83,77
4640,Tanya Jain,Hyderabad,Electronics,2024,63,80,83
4641,Vishal Dubey,Delhi,Information Tech,2025,87,71,83
4642,Ananya Sharma,Lucknow,IT,2023,62,71,80
4643,Sneha Reddy,Jaipur,Mechanical,2023,77,70,82
4644,Ravi Patel,Hyderabad,Electrical,2023,83,83,77
4645,Ravi Patel,Ahmedabad,Electrical,2024,69,90,73
4646,Tanya Jain,Delhi,Mechanical,2025,70,86,75
4647,Meera Iyer,Indore,Mechanical,2025,81,86,72
4648,Priya Gupta,Indore,Computer Science,2025,90,85,76
4649,Rahul Mehta,Jaipur,Electronics,2025,63,90,83
4650,Ravi Patel,Lucknow,IT,2023,82,73,84
4651,Karan Verma,Hyderabad,Electronics,2025,74,88,71
4652,Karan Verma,Indore,IT,2023,73,74,71
4653,Tanya Jain,Pune,IT,2024,70,88,65
4654,Vishal Dubey,Pune,Computer Science,2025,82,95,78
4655,Ravi Patel,Hyderabad,Electrical,2025,83,87,79
4656,Arjun Singh,Bangalore,Mechanical,2024,74,85,66
4657,Tanya Jain,Indore,Civil,2025,78,84,74
4658,Ravi Patel,Lucknow,Civil,2024,77,87,83
4659,Arjun Singh,Bangalore,Electrical,2023,65,76,84
4660,Tanya Jain,Pune,Mechanical,2025,77,95,88
4661,Karan Verma,Lucknow,Computer Science,2024,66,90,79
4662,Arjun Singh,Lucknow,Information Tech,2023,68,83,74
4663,Priya Gupta,Chennai,Information Tech,2024,76,94,79
4664,Ravi Patel,Jaipur,Electronics,2023,80,72,86
4665,Vishal Dubey,Mumbai,Computer Science,2023,87,87,70
4666,Arjun Singh,Hyderabad,Computer Science,2023,66,83,65
4667,Arjun Singh,Hyderabad,Electronics,2024,81,72,78
4668,Rahul Mehta,Pune,Mechanical,2025,86,76,89
4669,Ananya Sharma,Delhi,Electrical,2024,77,74,79
4670,Arjun Singh,Delhi,Electronics,2025,64,75,82
4671,Arjun Singh,Mumbai,IT,2023,68,89,86
4672,Vishal Dubey,Hyderabad,Computer Science,2023,70,78,86
4673,Karan Verma,Delhi,Mechanical,2025,68,84,84
4674,Rahul Mehta,Pune,IT,2025,71,88,88
4675,Priya Gupta,Indore,Mechanical,2024,88,94,89
4676,Arjun Singh,Jaipur,Information Tech,2024,90,91,86
4677,Tanya Jain,Indore,Information Tech,2023,84,87,86
4678,Karan Verma,Mumbai,Electronics,2023,84,71,67
4679,Priya Gupta,Jaipur,Mechanical,2024,72,91,84
4680,Priya Gupta,Bangalore,Electronics,2023,64,93,86
4681,Tanya Jain,Delhi,Mechanical,2025,75,90,88
4682,Tanya Jain,Ahmedabad,Electrical,2024,65,77,74
4683,Sneha Reddy,Jaipur,Information Tech,2025,77,77,89
4684,Arjun Singh,Jaipur,Mechanical,2024,79,93,88
4685,Karan Verma,Hyderabad,Mechanical,2023,69,86,70
4686,Karan Verma,Delhi,Electrical,2025,67,71,84
4687,Karan Verma,Delhi,Computer Science,2024,73,72,75
4688,Arjun Singh,Chennai,Information Tech,2024,72,83,71
4689,Vishal Dubey,Jaipur,IT,2024,65,89,70
4690,Priya Gupta,Bangalore,Electrical,2025,66,79,78
4691,Ananya Sharma,Ahmedabad,IT,2023,84,70,84
4692,Sneha Reddy,Indore,Civil,2024,79,83,79
4693,Karan Verma,Jaipur,Mechanical,2023,68,91,70
4694,Ananya Sharma,Chennai,Computer Science,2025,68,94,66
4695,Tanya Jain,Lucknow,IT,2024,80,94,86
4696,Sneha Reddy,Lucknow,Civil,2025,77,87,86
4697,Rahul Mehta,Chennai,Electrical,2024,88,90,76
4698,Tanya Jain,Mumbai,Electrical,2024,67,86,79
4699,Ananya Sharma,Lucknow,IT,2024,66,75,88
4700,Meera Iyer,Ahmedabad,Civil,2025,82,94,85
4701,Karan Verma,Hyderabad,Mechanical,2025,64,92,66
4702,Meera Iyer,Hyderabad,Computer Science,2023,63,90,86
4703,Meera Iyer,Mumbai,Electrical,2023,89,92,76
4704,Priya Gupta,Chennai,Mechanical,2024,65,89,72
4705,Karan Verma,Bangalore,Computer Science,2024,63,94,68
4706,Ravi Patel,Bangalore,Information Tech,2023,67,94,82
4707,Karan Verma,Mumbai,Mechanical,2025,80,93,88
4708,Tanya Jain,Indore,Computer Science,2025,88,86,65
4709,Rahul Mehta,Jaipur,Electrical,2024,80,90,86
4710,Ananya Sharma,Hyderabad,Computer Science,2024,87,90,88
4711,Ravi Patel,Jaipur,Electrical,2025,89,89,77
4712,Meera Iyer,Bangalore,Information Tech,2025,82,71,78
4713,Sneha Reddy,Delhi,Civil,2025,76,95,71
4714,Vishal Dubey,Lucknow,IT,2023,80,80,66
4715,Priya Gupta,Indore,Electrical,2024,84,90,85
4716,Priya Gupta,Pune,Computer Science,2025,60,94,65
4717,Priya Gupta,Lucknow,Computer Science,2024,67,73,85
4718,Vishal Dubey,Mumbai,Mechanical,2023,69,95,77
4719,Priya Gupta,Bangalore,Information Tech,2023,74,90,73
4720,Tanya Jain,Mumbai,IT,2024,84,93,84
4721,Vishal Dubey,Indore,Mechanical,2025,74,93,73
4722,Tanya Jain,Mumbai,Electronics,2023,69,77,75
4723,Karan Verma,Jaipur,Electrical,2023,64,77,70
4724,Sneha Reddy,Hyderabad,Civil,2023,86,80,84
4725,Karan Verma,Chennai,Civil,2025,65,94,80
4726,Karan Verma,Delhi,Computer Science,2025,89,74,67
4727,Vishal Dubey,Ahmedabad,IT,2024,78,92,68
4728,Vishal Dubey,Mumbai,Mechanical,2024,84,75,68
4729,Sneha Reddy,Lucknow,IT,2023,72,84,87
4730,Ananya Sharma,Lucknow,IT,2025,61,77,81
4731,Vishal Dubey,Delhi,IT,2025,63,78,81
4732,Ravi Patel,Jaipur,Electronics,2024,73,75,86
4733,Vishal Dubey,Chennai,Mechanical,2024,77,89,76
4734,Priya Gupta,Jaipur,Electronics,2023,65,78,89
4735,Sneha Reddy,Delhi,Electrical,2025,89,88,78
4736,Priya Gupta,Lucknow,Information Tech,2024,63,95,82
4737,Sneha Reddy,Chennai,Computer Science,2024,76,84,85
4738,Ananya Sharma,Ahmedabad,Electronics,2024,81,85,76
4739,Vishal Dubey,Jaipur,Computer Science,2025,68,73,82
4740,Sneha Reddy,Pune,Information Tech,2024,63,84,87
4741,Karan Verma,Indore,Computer Science,2025,65,72,81
4742,Meera Iyer,Indore,Electronics,2023,82,80,69
4743,Rahul Mehta,Mumbai,Electronics,2025,62,70,86
4744,Karan Verma,Chennai,Civil,2023,84,88,79
4745,Meera Iyer,Delhi,Mechanical,2023,63,72,81
4746,Karan Verma,Chennai,Civil,2025,61,72,78
4747,Ravi Patel,Hyderabad,Mechanical,2023,70,84,90
4748,Ravi Patel,Delhi,Electrical,2025,86,84,77
4749,Meera Iyer,Hyderabad,Computer Science,2025,84,77,87
4750,Priya Gupta,Hyderabad,Information Tech,2023,87,70,77
4751,Ananya Sharma,Ahmedabad,Information Tech,2023,84,84,78
4752,Ananya Sharma,Delhi,Information Tech,2023,64,79,76
4753,Sneha Reddy,Hyderabad,Electronics,2023,87,77,65
4754,Sneha Reddy,Bangalore,IT,2024,68,84,77
4755,Priya Gupta,Pune,Electrical,2025,85,74,75
4756,Ananya Sharma,Mumbai,Electronics,2025,81,81,82
4757,Sneha Reddy,Ahmedabad,IT,2023,85,71,88
4758,Ravi Patel,Jaipur,Electronics,2023,89,74,80
4759,Meera Iyer,Lucknow,Electrical,2024,68,88,87
4760,Priya Gupta,Mumbai,IT,2023,73,77,87
4761,Vishal Dubey,Ahmedabad,Information Tech,2024,82,78,75
4762,Meera Iyer,Delhi,Mechanical,2024,69,83,75
4763,Arjun Singh,Lucknow,Electronics,2025,70,79,80
4764,Ravi Patel,Lucknow,Mechanical,2024,84,85,65
4765,Meera Iyer,Lucknow,Civil,2024,81,79,87
4766,Sneha Reddy,Jaipur,Mechanical,2025,69,92,82
4767,Ravi Patel,Chennai,Electronics,2025,61,93,69
4768,Rahul Mehta,Chennai,Civil,2024,82,77,74
4769,Tanya Jain,Pune,Civil,2024,86,94,71
4770,Rahul Mehta,Mumbai,IT,2024,63,83,78
4771,Sneha Reddy,Indore,Computer Science,2023,87,87,78
4772,Meera Iyer,Jaipur,Electronics,2025,82,94,82
4773,Ravi Patel,Mumbai,Information Tech,2024,61,95,89
4774,Rahul Mehta,Mumbai,Civil,2023,66,76,84
4775,Ananya Sharma,Mumbai,Electrical,2023,62,81,78
4776,Vishal Dubey,Hyderabad,Electrical,2024,77,73,77
4777,Rahul Mehta,Pune,Electrical,2024,66,78,83
4778,Tanya Jain,Chennai,Computer Science,2024,61,90,82
4779,Ravi Patel,Pune,Electronics,2023,83,82,76
4780,Rahul Mehta,Lucknow,Electronics,2025,83,75,73
4781,Ravi Patel,Pune,Electrical,2023,76,75,76
4782,Ananya Sharma,Delhi,Civil,2023,65,83,67
4783,Sneha Reddy,Indore,Mechanical,2023,66,72,81
4784,Ananya Sharma,Bangalore,Mechanical,2023,77,74,81
4785,Priya Gupta,Ahmedabad,Civil,2024,87,71,74
4786,Sneha Reddy,Indore,Electronics,2025,62,79,81
4787,Ravi Patel,Lucknow,IT,2024,84,84,78
4788,Vishal Dubey,Hyderabad,Computer Science,2024,78,88,75
4789,Vishal Dubey,Delhi,Civil,2023,73,74,67
4790,Sneha Reddy,Lucknow,Information Tech,2023,63,78,68
4791,Rahul Mehta,Chennai,Mechanical,2023,78,82,83
4792,Priya Gupta,Lucknow,Civil,2023,89,87,77
4793,Karan Verma,Bangalore,Civil,2023,70,82,86
4794,Rahul Mehta,Jaipur,Computer Science,2024,68,84,71
4795,Vishal Dubey,Indore,Computer Science,2023,84,81,88
4796,Ravi Patel,Pune,Information Tech,2023,76,75,77
4797,Tanya Jain,Jaipur,Mechanical,2025,73,82,89
4798,Vishal Dubey,Lucknow,Mechanical,2023,83,95,75
4799,Vishal Dubey,Jaipur,Computer Science,2023,88,77,88
4800,Meera Iyer,Ahmedabad,Electrical,2023,62,86,72
4801,Tanya Jain,Bangalore,Electrical,2024,68,86,88
4802,Meera Iyer,Hyderabad,Information Tech,2023,61,79,89
4803,Rahul Mehta,Chennai,IT,2024,75,89,77
4804,Karan Verma,Indore,Civil,2024,65,72,74
4805,Ravi Patel,Jaipur,Information Tech,2025,76,90,90
4806,Ananya Sharma,Indore,IT,2024,79,90,88
4807,Arjun Singh,Jaipur,Computer Science,2023,75,88,76
4808,Rahul Mehta,Bangalore,Electrical,2024,79,77,81
4809,Karan Verma,Delhi,Electrical,2024,70,87,68
4810,Karan Verma,Jaipur,IT,2025,80,82,77
4811,Ravi Patel,Hyderabad,IT,2024,63,82,75
4812,Tanya Jain,Lucknow,IT,2025,66,83,70
4813,Karan Verma,Lucknow,Information Tech,2025,62,71,86
4814,Karan Verma,Delhi,Civil,2025,71,90,89
4815,Rahul Mehta,Ahmedabad,IT,2025,73,83,88
4816,Vishal Dubey,Lucknow,Civil,2024,72,81,85
4817,Meera Iyer,Bangalore,Information Tech,2024,67,79,87
4818,Vishal Dubey,Mumbai,Computer Science,2024,61,91,85
4819,Rahul Mehta,Jaipur,Mechanical,2024,89,80,78
4820,Vishal Dubey,Hyderabad,Computer Science,2023,85,73,87
4821,Rahul Mehta,Lucknow,Electrical,2024,84,93,80
4822,Tanya Jain,Mumbai,Mechanical,2025,71,71,81
4823,Tanya Jain,Chennai,Information Tech,2024,77,94,69
4824,Arjun Singh,Chennai,Mechanical,2023,69,77,68
4825,Priya Gupta,Ahmedabad,IT,2023,86,90,73
4826,Vishal Dubey,Lucknow,Information Tech,2024,85,88,81
4827,Ananya Sharma,Chennai,Computer Science,2023,72,82,65
4828,Meera Iyer,Lucknow,Information Tech,2023,88,90,67
4829,Karan Verma,Hyderabad,Electrical,2023,87,81,78
4830,Arjun Singh,Bangalore,Computer Science,2025,85,83,67
4831,Sneha Reddy,Bangalore,Computer Science,2025,75,80,80
4832,Vishal Dubey,Bangalore,Mechanical,2025,79,94,65
4833,Sneha Reddy,Chennai,Information Tech,2023,74,81,77
4834,Ravi Patel,Hyderabad,Electronics,2023,62,80,72
4835,Ravi Patel,Lucknow,Electrical,2023,75,72,76
4836,Arjun Singh,Mumbai,Computer Science,2023,60,77,75
4837,Vishal Dubey,Hyderabad,Information Tech,2023,69,75,86
4838,Ananya Sharma,Bangalore,Electrical,2023,88,90,75
4839,Meera Iyer,Hyderabad,Electronics,2024,70,82,68
4840,Priya Gupta,Jaipur,Civil,2024,89,87,75
4841,Ravi Patel,Pune,Civil,2024,83,93,72
4842,Karan Verma,Mumbai,Electrical,2024,89,91,73
4843,Meera Iyer,Hyderabad,Mechanical,2025,63,76,74
4844,Ravi Patel,Indore,Computer Science,2025,71,83,68
4845,Tanya Jain,Bangalore,Electronics,2023,78,72,66
4846,Ananya Sharma,Mumbai,Information Tech,2023,68,70,76
4847,Tanya Jain,Hyderabad,Mechanical,2023,88,90,78
4848,Tanya Jain,Bangalore,Civil,2023,88,79,67
4849,Vishal Dubey,Chennai,Mechanical,2023,81,91,88
4850,Priya Gupta,Mumbai,Computer Science,2025,67,89,76
4851,Tanya Jain,Chennai,IT,2023,66,77,71
4852,Ananya Sharma,Indore,Electronics,2025,76,80,81
4853,Arjun Singh,Chennai,IT,2024,74,81,76
4854,Tanya Jain,Ahmedabad,Computer Science,2023,77,80,82
4855,Ananya Sharma,Bangalore,Mechanical,2023,78,80,74
4856,Karan Verma,Pune,Electronics,2024,68,93,73
4857,Sneha Reddy,Hyderabad,Computer Science,2025,75,81,77
4858,Ananya Sharma,Hyderabad,IT,2025,70,86,67
4859,Karan Verma,Ahmedabad,IT,2025,80,75,87
4860,Sneha Reddy,Ahmedabad,Civil,2024,69,84,83
4861,Tanya Jain,Ahmedabad,IT,2025,72,80,73
4862,Vishal Dubey,Jaipur,IT,2023,88,79,67
4863,Sneha Reddy,Mumbai,Information Tech,2024,71,88,66
4864,Ravi Patel,Lucknow,Electronics,2023,87,71,79
4865,Tanya Jain,Bangalore,Electronics,2025,71,80,90
4866,Vishal Dubey,Mumbai,Computer Science,2024,69,82,73
4867,Sneha Reddy,Mumbai,IT,2023,61,74,68
4868,Ananya Sharma,Jaipur,Information Tech,2023,73,78,79
4869,Priya Gupta,Lucknow,Civil,2025,75,73,85
4870,Sneha Reddy,Lucknow,IT,2025,67,75,81
4871,Sneha Reddy,Bangalore,Mechanical,2024,65,71,74
4872,Ananya Sharma,Indore,Electrical,2023,65,87,90
4873,Arjun Singh,Ahmedabad,Information Tech,2025,83,91,72
4874,Karan Verma,Lucknow,Computer Science,2025,78,88,79
4875,Priya Gupta,Chennai,Mechanical,2025,83,90,67
4876,Arjun Singh,Delhi,IT,2024,62,73,90
4877,Priya Gupta,Ahmedabad,Computer Science,2023,87,83,88
4878,Karan Verma,Mumbai,Information Tech,2024,67,88,84
4879,Karan Verma,Mumbai,Civil,2025,62,74,65
4880,Tanya Jain,Bangalore,Civil,2025,80,75,81
4881,Karan Verma,Delhi,Mechanical,2024,74,89,84
4882,Karan Verma,Hyderabad,Civil,2025,90,83,89
4883,Tanya Jain,Jaipur,Electrical,2024,61,77,76
4884,Rahul Mehta,Jaipur,Information Tech,2023,90,91,79
4885,Ravi Patel,Bangalore,Computer Science,2024,89,85,71
4886,Tanya Jain,Mumbai,Information Tech,2023,72,94,83
4887,Tanya Jain,Chennai,Civil,2025,85,93,85
4888,Sneha Reddy,Lucknow,Electronics,2025,86,77,88
4889,Tanya Jain,Chennai,Computer Science,2025,69,91,87
4890,Arjun Singh,Delhi,Mechanical,2025,79,92,68
4891,Meera Iyer,Bangalore,Electronics,2024,82,71,71
4892,Rahul Mehta,Jaipur,IT,2025,82,88,68
4893,Priya Gupta,Mumbai,IT,2025,68,71,76
4894,Ravi Patel,Ahmedabad,Civil,2023,89,92,72
4895,Arjun Singh,Delhi,Electrical,2023,81,70,88
4896,Ananya Sharma,Pune,Mechanical,2023,62,85,68
4897,Karan Verma,Pune,Information Tech,2024,64,78,82
4898,Arjun Singh,Delhi,Computer Science,2023,69,76,73
4899,Meera Iyer,Hyderabad,Computer Science,2023,65,80,81
4900,Karan Verma,Chennai,Civil,2024,86,79,72
4901,Karan Verma,Jaipur,Civil,2025,90,80,82
4902,Sneha Reddy,Pune,Electronics,2023,65,93,75
4903,Tanya Jain,Chennai,Mechanical,2023,60,81,77
4904,Tanya Jain,Jaipur,Electronics,2025,65,91,78
4905,Karan Verma,Mumbai,Electrical,2025,88,77,79
4906,Rahul Mehta,Pune,IT,2023,87,84,83
4907,Vishal Dubey,Indore,Mechanical,2023,78,77,77
4908,Karan Verma,Bangalore,Electrical,2024,63,79,68
4909,Sneha Reddy,Bangalore,Information Tech,2023,86,91,66
4910,Vishal Dubey,Indore,Electrical,2025,61,81,81
4911,Ananya Sharma,Jaipur,Information Tech,2024,89,75,86
4912,Karan Verma,Chennai,IT,2023,74,82,72
4913,Arjun Singh,Jaipur,Electronics,2025,87,75,66
4914,Rahul Mehta,Bangalore,Electrical,2024,62,88,67
4915,Rahul Mehta,Hyderabad,IT,2023,67,73,68
4916,Meera Iyer,Pune,Electrical,2024,75,74,67
4917,Sneha Reddy,Chennai,Electronics,2023,84,79,89
4918,Ananya Sharma,Lucknow,Computer Science,2025,66,93,84
4919,Priya Gupta,Lucknow,Civil,2025,73,87,83
4920,Arjun Singh,Lucknow,Computer Science,2024,90,79,80
4921,Sneha Reddy,Chennai,Computer Science,2025,81,85,70
4922,Arjun Singh,Bangalore,Computer Science,2025,65,95,89
4923,Karan Verma,Indore,IT,2025,76,86,85
4924,Tanya Jain,Lucknow,Electrical,2025,80,84,69
4925,Meera Iyer,Jaipur,IT,2025,63,79,88
4926,Priya Gupta,Indore,Civil,2025,81,86,84
4927,Tanya Jain,Lucknow,Information Tech,2025,86,83,89
4928,Meera Iyer,Ahmedabad,Electronics,2024,66,80,82
4929,Ravi Patel,Bangalore,Electronics,2023,86,91,83
4930,Ravi Patel,Lucknow,Mechanical,2023,80,83,71
4931,Rahul Mehta,Indore,IT,2023,76,75,66
4932,Tanya Jain,Hyderabad,IT,2023,78,82,79
4933,Rahul Mehta,Hyderabad,Computer Science,2025,64,78,81
4934,Ravi Patel,Mumbai,Information Tech,2025,60,91,73
4935,Ravi Patel,Lucknow,Mechanical,2024,83,90,88
4936,Ravi Patel,Indore,Civil,2024,75,93,78
4937,Arjun Singh,Lucknow,IT,2023,65,79,88
4938,Meera Iyer,Ahmedabad,IT,2023,72,82,82
4939,Vishal Dubey,Mumbai,Information Tech,2025,69,90,89
4940,Rahul Mehta,Delhi,Information Tech,2024,80,89,73
4941,Rahul Mehta,Bangalore,Civil,2024,72,74,75
4942,Karan Verma,Ahmedabad,Mechanical,2024,81,74,68
4943,Arjun Singh,Delhi,IT,2025,75,72,77
4944,Tanya Jain,Delhi,Electrical,2025,72,89,72
4945,Tanya Jain,Ahmedabad,Electrical,2025,62,74,81
4946,Meera Iyer,Pune,Mechanical,2024,64,85,65
4947,Meera Iyer,Mumbai,IT,2023,78,94,67
4948,Rahul Mehta,Delhi,Computer Science,2024,85,78,82
4949,Meera Iyer,Bangalore,Computer Science,2023,85,89,68
4950,Rahul Mehta,Lucknow,Electronics,2025,73,70,83
4951,Ananya Sharma,Pune,Mechanical,2023,84,83,68
4952,Ananya Sharma,Indore,Civil,2024,68,72,79
4953,Karan Verma,Jaipur,Information Tech,2025,73,72,80
4954,Ravi Patel,Hyderabad,Information Tech,2025,85,80,72
4955,Meera Iyer,Mumbai,Information Tech,2024,68,89,83
4956,Karan Verma,Bangalore,Civil,2025,69,83,75
4957,Sneha Reddy,Mumbai,Information Tech,2023,72,75,80
4958,Arjun Singh,Indore,Electrical,2025,66,88,89
4959,Karan Verma,Ahmedabad,Computer Science,2023,83,76,74
4960,Meera Iyer,Delhi,Computer Science,2025,80,89,90
4961,Ravi Patel,Ahmedabad,Computer Science,2023,72,80,89
4962,Vishal Dubey,Lucknow,Computer Science,2024,78,74,84
4963,Vishal Dubey,Lucknow,Mechanical,2023,65,88,79
4964,Priya Gupta,Delhi,Electronics,2025,75,85,85
4965,Tanya Jain,Delhi,IT,2023,84,85,67
4966,Vishal Dubey,Ahmedabad,Electronics,2024,65,89,84
4967,Rahul Mehta,Delhi,Electrical,2024,87,93,70
4968,Sneha Reddy,Bangalore,Mechanical,2024,70,74,68
4969,Rahul Mehta,Pune,Computer Science,2025,88,92,84
4970,Meera Iyer,Delhi,Electronics,2023,65,73,89
4971,Karan Verma,Lucknow,Computer Science,2023,89,83,84
4972,Priya Gupta,Mumbai,Electrical,2023,66,86,84
4973,Karan Verma,Delhi,IT,2025,86,80,78
4974,Sneha Reddy,Indore,Civil,2024,78,89,74
4975,Rahul Mehta,Chennai,Computer Science,2024,78,90,65
4976,Sneha Reddy,Ahmedabad,Computer Science,2024,90,76,67
4977,Vishal Dubey,Chennai,Mechanical,2024,80,79,76
4978,Vishal Dubey,Pune,Mechanical,2023,79,73,85
4979,Priya Gupta,Mumbai,Civil,2023,86,94,72
4980,Priya Gupta,Mumbai,Information Tech,2025,79,86,83
4981,Ravi Patel,Hyderabad,Computer Science,2025,72,73,72
4982,Arjun Singh,Ahmedabad,Computer Science,2023,69,93,82
4983,Arjun Singh,Chennai,Mechanical,2025,85,88,69
4984,Tanya Jain,Pune,Civil,2025,68,93,68
4985,Rahul Mehta,Chennai,Information Tech,2025,68,76,66
4986,Vishal Dubey,Mumbai,IT,2024,88,74,80
4987,Karan Verma,Lucknow,Electrical,2025,84,88,66
4988,Priya Gupta,Bangalore,Civil,2024,71,89,68
4989,Vishal Dubey,Delhi,Mechanical,2024,70,77,74
4990,Ananya Sharma,Indore,Mechanical,2023,60,91,81
4991,Priya Gupta,Delhi,IT,2023,66,84,67
4992,Ravi Patel,Chennai,Computer Science,2023,71,81,76
4993,Karan Verma,Bangalore,Information Tech,2025,66,82,82
4994,Ananya Sharma,Pune,Information Tech,2024,72,76,76
4995,Vishal Dubey,Ahmedabad,Electrical,2025,83,72,68
4996,Karan Verma,Pune,Information Tech,2024,87,76,81
4997,Karan Verma,Indore,Electrical,2024,75,74,79
4998,Priya Gupta,Hyderabad,Mechanical,2025,82,95,89
4999,Rahul Mehta,Mumbai,Mechanical,2024,76,81,89
5000,Meera Iyer,Delhi,Electrical,2025,84,93,83
5001,Ananya Sharma,Pune,IT,2023,67,75,67
5002,Meera Iyer,Lucknow,Information Tech,2023,75,89,65
5003,Tanya Jain,Hyderabad,Electrical,2023,82,88,71
5004,Sneha Reddy,Jaipur,Mechanical,2023,65,85,74
5005,Sneha Reddy,Jaipur,Information Tech,2025,86,73,84
5006,Ananya Sharma,Bangalore,Electrical,2024,87,85,73
5007,Karan Verma,Indore,IT,2023,73,72,73
5008,Sneha Reddy,Ahmedabad,Information Tech,2023,89,85,89
5009,Rahul Mehta,Pune,IT,2023,87,71,89
5010,Priya Gupta,Pune,Information Tech,2025,64,89,81
5011,Rahul Mehta,Ahmedabad,Electrical,2024,79,82,83
5012,Sneha Reddy,Ahmedabad,Civil,2024,84,80,86
5013,Sneha Reddy,Delhi,Mechanical,2024,62,83,90
5014,Priya Gupta,Chennai,Civil,2024,64,79,70
5015,Tanya Jain,Hyderabad,Computer Science,2023,84,75,81
5016,Ravi Patel,Jaipur,Electrical,2025,82,70,88
5017,Arjun Singh,Bangalore,Computer Science,2023,82,78,85
5018,Meera Iyer,Delhi,IT,2024,86,73,86
5019,Vishal Dubey,Indore,IT,2025,78,79,69
5020,Ananya Sharma,Mumbai,Information Tech,2023,70,89,88
5021,Rahul Mehta,Bangalore,Mechanical,2023,87,90,73
5022,Priya Gupta,Pune,Mechanical,2024,88,71,80
5023,Karan Verma,Chennai,Information Tech,2023,88,71,69
5024,Karan Verma,Indore,Electronics,2025,72,87,78
5025,Rahul Mehta,Delhi,Electrical,2025,73,81,80
5026,Ravi Patel,Delhi,Computer Science,2023,64,75,87
5027,Meera Iyer,Mumbai,Electrical,2024,82,76,69
5028,Vishal Dubey,Lucknow,Information Tech,2023,60,79,79
5029,Sneha Reddy,Hyderabad,IT,2023,88,76,85
5030,Arjun Singh,Jaipur,IT,2023,79,82,74
5031,Karan Verma,Indore,Mechanical,2024,61,87,84
5032,Meera Iyer,Lucknow,Computer Science,2023,69,76,71
5033,Rahul Mehta,Bangalore,Electrical,2024,67,87,79
5034,Ananya Sharma,Bangalore,Mechanical,2024,74,88,71
5035,Ananya Sharma,Lucknow,Electrical,2023,70,80,80
5036,Priya Gupta,Chennai,Computer Science,2023,71,81,79
5037,Rahul Mehta,Jaipur,Mechanical,2024,80,88,81
5038,Arjun Singh,Ahmedabad,Mechanical,2023,72,93,74
5039,Arjun Singh,Delhi,Mechanical,2025,67,77,80
5040,Tanya Jain,Hyderabad,Electrical,2025,63,94,86
5041,Tanya Jain,Chennai,IT,2024,72,75,78
5042,Tanya Jain,Delhi,Electrical,2025,60,71,75
5043,Tanya Jain,Mumbai,Computer Science,2025,62,90,81
5044,Sneha Reddy,Chennai,Computer Science,2025,81,73,87
5045,Sneha Reddy,Chennai,Electronics,2025,84,72,82
5046,Priya Gupta,Hyderabad,Electrical,2024,66,81,77
5047,Sneha Reddy,Delhi,Civil,2023,65,79,84
5048,Karan Verma,Pune,Mechanical,2025,76,89,76
5049,Arjun Singh,Delhi,Civil,2023,68,93,76
5050,Priya Gupta,Indore,Mechanical,2024,70,75,89
5051,Sneha Reddy,Chennai,Electrical,2025,68,86,76
5052,Tanya Jain,Delhi,Computer Science,2025,61,81,78
5053,Ananya Sharma,Mumbai,Civil,2023,67,81,70
5054,Vishal Dubey,Chennai,Civil,2023,63,93,71
5055,Ananya Sharma,Ahmedabad,Electrical,2025,77,75,82
5056,Arjun Singh,Mumbai,Electronics,2025,65,81,77
5057,Priya Gupta,Lucknow,Civil,2024,89,76,79
5058,Ananya Sharma,Indore,Computer Science,2025,88,80,90
5059,Ravi Patel,Ahmedabad,Information Tech,2024,85,76,70
5060,Ravi Patel,Jaipur,IT,2024,81,92,75
5061,Meera Iyer,Delhi,Electronics,2025,64,90,89
5062,Rahul Mehta,Delhi,Electrical,2023,70,90,86
5063,Meera Iyer,Indore,Electrical,2025,61,87,79
5064,Vishal Dubey,Hyderabad,Electronics,2024,61,89,69
5065,Ananya Sharma,Chennai,Electronics,2023,74,77,81
5066,Arjun Singh,Lucknow,Electrical,2024,73,73,89
5067,Meera Iyer,Jaipur,Computer Science,2025,84,89,80
5068,Priya Gupta,Delhi,Civil,2024,61,72,87
5069,Meera Iyer,Delhi,Computer Science,2024,87,82,67
5070,Ananya Sharma,Chennai,IT,2023,64,83,76
5071,Priya Gupta,Mumbai,Electronics,2025,72,92,79
5072,Vishal Dubey,Pune,Information Tech,2023,63,94,82
5073,Sneha Reddy,Bangalore,Information Tech,2025,85,72,75
5074,Karan Verma,Delhi,Electrical,2024,74,78,76
5075,Sneha Reddy,Indore,Electrical,2025,86,84,84
5076,Priya Gupta,Indore,IT,2024,82,80,79
5077,Ravi Patel,Ahmedabad,Civil,2025,79,85,89
5078,Ravi Patel,Bangalore,Civil,2023,78,85,78
5079,Meera Iyer,Bangalore,Mechanical,2024,75,79,71
5080,Karan Verma,Hyderabad,Electrical,2024,66,79,68
5081,Ananya Sharma,Delhi,Information Tech,2024,83,73,75
5082,Sneha Reddy,Indore,Mechanical,2025,78,83,85
5083,Tanya Jain,Chennai,Information Tech,2023,66,88,72
5084,Sneha Reddy,Ahmedabad,Mechanical,2025,66,71,89
5085,Meera Iyer,Bangalore,Computer Science,2025,61,91,72
5086,Vishal Dubey,Indore,Mechanical,2023,68,71,85
5087,Sneha Reddy,Pune,Civil,2025,86,70,67
5088,Arjun Singh,Mumbai,Mechanical,2024,63,72,75
5089,Sneha Reddy,Hyderabad,Electrical,2025,65,93,75
5090,Karan Verma,Chennai,Electronics,2024,67,81,65
5091,Rahul Mehta,Ahmedabad,Electrical,2025,68,95,89
5092,Ravi Patel,Hyderabad,Electronics,2025,79,78,70
5093,Rahul Mehta,Hyderabad,Electrical,2025,86,90,79
5094,Vishal Dubey,Bangalore,IT,2025,79,70,82
5095,Rahul Mehta,Hyderabad,Civil,2023,74,80,68
5096,Meera Iyer,Lucknow,Computer Science,2024,83,79,76
5097,Meera Iyer,Mumbai,Electrical,2025,71,85,70
5098,Sneha Reddy,Indore,Computer Science,2025,65,87,78
5099,Karan Verma,Chennai,Computer Science,2025,87,82,86
5100,Priya Gupta,Pune,IT,2025,73,92,73
5101,Meera Iyer,Hyderabad,Electronics,2023,74,85,81
5102,Priya Gupta,Indore,Civil,2023,82,78,76
5103,Tanya Jain,Lucknow,Computer Science,2023,86,92,70
5104,Meera Iyer,Mumbai,Information Tech,2025,76,85,71
5105,Karan Verma,Delhi,Civil,2024,75,80,79
5106,Sneha Reddy,Hyderabad,Electrical,2025,90,88,75
5107,Vishal Dubey,Chennai,Electrical,2024,87,73,84
5108,Rahul Mehta,Chennai,Computer Science,2025,61,85,88
5109,Rahul Mehta,Jaipur,Mechanical,2024,76,73,72
5110,Priya Gupta,Chennai,Computer Science,2025,68,74,66
5111,Ravi Patel,Delhi,Information Tech,2025,85,84,89
5112,Karan Verma,Mumbai,Electronics,2024,74,83,74
5113,Karan Verma,Jaipur,Mechanical,2024,67,82,71
5114,Priya Gupta,Bangalore,IT,2023,61,73,80
5115,Rahul Mehta,Mumbai,Electronics,2023,83,78,85
5116,Karan Verma,Ahmedabad,Computer Science,2025,66,75,88
5117,Arjun Singh,Mumbai,Electronics,2024,79,89,86
5118,Tanya Jain,Delhi,Electronics,2024,90,81,73
5119,Karan Verma,Hyderabad,Mechanical,2023,81,90,66
5120,Vishal Dubey,Hyderabad,Electronics,2023,67,85,81
5121,Arjun Singh,Lucknow,IT,2024,81,93,87
5122,Tanya Jain,Delhi,Electrical,2023,74,94,73
5123,Priya Gupta,Ahmedabad,IT,2024,84,75,65
5124,Ravi Patel,Indore,Mechanical,2023,66,79,89
5125,Priya Gupta,Hyderabad,Mechanical,2024,60,88,86
5126,Karan Verma,Indore,Electronics,2025,74,76,82
5127,Sneha Reddy,Jaipur,IT,2024,80,81,83
5128,Rahul Mehta,Chennai,Electrical,2025,72,84,73
5129,Arjun Singh,Hyderabad,Computer Science,2024,83,79,87
5130,Rahul Mehta,Hyderabad,Electronics,2023,72,86,82
5131,Priya Gupta,Ahmedabad,Information Tech,2025,82,74,87
5132,Priya Gupta,Lucknow,Electronics,2023,62,80,88
5133,Rahul Mehta,Bangalore,Mechanical,2025,76,87,86
5134,Priya Gupta,Chennai,Civil,2024,86,90,83
5135,Arjun Singh,Mumbai,Civil,2023,85,93,67
5136,Arjun Singh,Indore,Information Tech,2025,70,92,76
5137,Tanya Jain,Indore,Computer Science,2025,68,92,85
5138,Ananya Sharma,Lucknow,Civil,2024,65,89,83
5139,Priya Gupta,Chennai,Civil,2025,89,85,68
5140,Sneha Reddy,Pune,IT,2024,77,78,82
5141,Karan Verma,Hyderabad,Mechanical,2023,66,89,77
5142,Arjun Singh,Bangalore,Information Tech,2024,90,85,83
5143,Ravi Patel,Ahmedabad,Electronics,2025,90,76,77
5144,Rahul Mehta,Jaipur,Information Tech,2024,89,86,79
5145,Priya Gupta,Mumbai,Electronics,2024,69,90,81
5146,Ravi Patel,Chennai,Civil,2023,69,90,70
5147,Karan Verma,Mumbai,Information Tech,2023,84,87,73
5148,Vishal Dubey,Hyderabad,Computer Science,2024,74,93,74
5149,Vishal Dubey,Hyderabad,Civil,2025,68,92,85
5150,Rahul Mehta,Bangalore,Computer Science,2023,64,80,65
5151,Sneha Reddy,Bangalore,Information Tech,2023,72,93,85
5152,Tanya Jain,Pune,Electronics,2025,86,87,78
5153,Meera Iyer,Jaipur,IT,2023,75,92,82
5154,Ananya Sharma,Bangalore,Electronics,2025,85,93,73
5155,Ananya Sharma,Bangalore,Information Tech,2023,81,93,71
5156,Karan Verma,Indore,Information Tech,2024,85,91,84
5157,Ravi Patel,Pune,Civil,2024,89,91,66
5158,Vishal Dubey,Indore,Electrical,2024,88,94,77
5159,Sneha Reddy,Hyderabad,Information Tech,2024,73,75,66
5160,Ananya Sharma,Jaipur,Civil,2023,86,83,66
5161,Sneha Reddy,Mumbai,IT,2023,67,71,71
5162,Karan Verma,Jaipur,Electrical,2025,64,80,66
5163,Ravi Patel,Chennai,Mechanical,2025,62,90,78
5164,Meera Iyer,Hyderabad,Information Tech,2025,72,74,76
5165,Arjun Singh,Pune,Mechanical,2024,68,90,79
5166,Ananya Sharma,Hyderabad,IT,2024,64,82,90
5167,Rahul Mehta,Indore,Electronics,2023,73,78,87
5168,Tanya Jain,Delhi,Civil,2024,66,94,65
5169,Tanya Jain,Mumbai,Mechanical,2025,70,77,81
5170,Meera Iyer,Indore,Mechanical,2024,85,74,76
5171,Priya Gupta,Hyderabad,Civil,2025,69,88,66
5172,Tanya Jain,Chennai,Mechanical,2023,90,80,85
5173,Arjun Singh,Lucknow,Mechanical,2024,75,82,86
5174,Karan Verma,Hyderabad,Mechanical,2025,68,71,90
5175,Ananya Sharma,Chennai,Information Tech,2023,85,86,82
5176,Meera Iyer,Delhi,Information Tech,2023,81,76,68
5177,Vishal Dubey,Delhi,Computer Science,2023,81,91,81
5178,Rahul Mehta,Ahmedabad,Mechanical,2025,62,88,86
5179,Arjun Singh,Lucknow,Mechanical,2023,67,86,85
5180,Tanya Jain,Chennai,Mechanical,2023,65,79,69
5181,Meera Iyer,Jaipur,Mechanical,2023,88,79,89
5182,Vishal Dubey,Mumbai,Mechanical,2024,66,85,85
5183,Vishal Dubey,Mumbai,IT,2023,76,77,80
5184,Sneha Reddy,Lucknow,Electrical,2024,78,86,68
5185,Meera Iyer,Hyderabad,Computer Science,2024,86,85,85
5186,Ravi Patel,Ahmedabad,Information Tech,2023,82,91,66
5187,Priya Gupta,Pune,Computer Science,2024,76,73,87
5188,Priya Gupta,Lucknow,Computer Science,2025,67,85,75
5189,Sneha Reddy,Ahmedabad,Computer Science,2023,65,90,85
5190,Karan Verma,Hyderabad,Information Tech,2023,83,95,86
5191,Vishal Dubey,Delhi,Civil,2024,67,76,86
5192,Arjun Singh,Bangalore,Information Tech,2024,84,71,81
5193,Sneha Reddy,Pune,Civil,2024,65,76,80
5194,Vishal Dubey,Mumbai,Information Tech,2025,69,83,87
5195,Arjun Singh,Lucknow,Information Tech,2024,71,79,87
5196,Arjun Singh,Mumbai,Electronics,2023,89,88,75
5197,Ananya Sharma,Bangalore,Civil,2023,75,70,87
5198,Arjun Singh,Delhi,Electronics,2023,61,72,89
5199,Tanya Jain,Indore,Information Tech,2024,82,72,78
5200,Sneha Reddy,Chennai,Information Tech,2025,67,89,84
5201,Ananya Sharma,Chennai,IT,2023,84,71,68
5202,Ananya Sharma,Jaipur,Electronics,2025,67,94,77
5203,Rahul Mehta,Mumbai,Electrical,2024,82,72,80
5204,Arjun Singh,Hyderabad,Civil,2023,61,82,72
5205,Sneha Reddy,Hyderabad,Electronics,2025,81,81,86
5206,Karan Verma,Lucknow,Electrical,2024,67,92,78
5207,Priya Gupta,Indore,Electronics,2024,71,76,71
5208,Tanya Jain,Lucknow,Electronics,2024,77,90,77
5209,Arjun Singh,Chennai,Mechanical,2025,88,84,87
5210,Ananya Sharma,Chennai,Civil,2023,71,88,86
5211,Arjun Singh,Chennai,Electronics,2024,72,71,77
5212,Vishal Dubey,Mumbai,Information Tech,2024,71,71,68
5213,Ravi Patel,Chennai,Mechanical,2024,87,88,84
5214,Rahul Mehta,Chennai,IT,2023,85,73,78
5215,Meera Iyer,Ahmedabad,Mechanical,2025,68,81,71
5216,Tanya Jain,Hyderabad,IT,2025,77,78,87
5217,Karan Verma,Jaipur,Information Tech,2023,77,82,75
5218,Meera Iyer,Chennai,Information Tech,2025,73,72,82
5219,Arjun Singh,Lucknow,Electrical,2025,90,72,85
5220,Meera Iyer,Hyderabad,Mechanical,2024,80,86,68
5221,Meera Iyer,Lucknow,Electrical,2023,75,76,88
5222,Sneha Reddy,Ahmedabad,Computer Science,2024,62,89,73
5223,Karan Verma,Hyderabad,Civil,2024,83,90,85
5224,Priya Gupta,Bangalore,Civil,2025,70,92,83
5225,Vishal Dubey,Lucknow,Mechanical,2025,67,76,73
5226,Rahul Mehta,Bangalore,Mechanical,2025,77,78,87
5227,Ravi Patel,Chennai,Civil,2023,83,93,66
5228,Sneha Reddy,Jaipur,Electrical,2024,90,91,79
5229,Arjun Singh,Mumbai,Information Tech,2023,84,82,85
5230,Ravi Patel,Chennai,Civil,2024,85,81,88
5231,Sneha Reddy,Hyderabad,Computer Science,2025,78,70,77
5232,Tanya Jain,Bangalore,Electronics,2024,76,93,70
5233,Vishal Dubey,Lucknow,Electrical,2025,73,84,65
5234,Sneha Reddy,Indore,Mechanical,2025,75,91,83
5235,Vishal Dubey,Jaipur,Information Tech,2025,80,71,70
5236,Ananya Sharma,Lucknow,Mechanical,2025,71,75,79
5237,Vishal Dubey,Jaipur,Mechanical,2025,80,87,73
5238,Priya Gupta,Lucknow,Electrical,2024,65,77,75
5239,Rahul Mehta,Bangalore,Electronics,2025,76,89,88
5240,Rahul Mehta,Lucknow,Electrical,2023,74,75,73
5241,Ananya Sharma,Mumbai,Electrical,2023,73,92,67
5242,Priya Gupta,Jaipur,IT,2024,62,79,75
5243,Karan Verma,Indore,Information Tech,2025,86,94,66
5244,Arjun Singh,Bangalore,Computer Science,2023,66,85,86
5245,Sneha Reddy,Chennai,Electrical,2025,80,90,76
5246,Vishal Dubey,Ahmedabad,Computer Science,2024,74,91,71
5247,Ravi Patel,Delhi,Civil,2023,74,72,82
5248,Rahul Mehta,Pune,Electrical,2025,72,94,65
5249,Vishal Dubey,Hyderabad,IT,2023,78,74,75
5250,Priya Gupta,Chennai,Mechanical,2024,68,72,88
5251,Priya Gupta,Mumbai,Mechanical,2024,85,81,68
5252,Ravi Patel,Chennai,Electronics,2023,76,92,73
5253,Vishal Dubey,Lucknow,Civil,2023,84,81,84
5254,Rahul Mehta,Mumbai,Electrical,2024,69,73,81
5255,Arjun Singh,Pune,Civil,2024,66,82,85
5256,Arjun Singh,Jaipur,Computer Science,2023,70,85,83
5257,Vishal Dubey,Hyderabad,Civil,2024,75,79,74
5258,Rahul Mehta,Delhi,IT,2025,80,75,71
5259,Vishal Dubey,Jaipur,IT,2023,68,88,87
5260,Tanya Jain,Indore,Civil,2023,65,79,67
5261,Sneha Reddy,Delhi,Mechanical,2024,75,91,88
5262,Tanya Jain,Delhi,Mechanical,2024,75,85,71
5263,Ravi Patel,Indore,Information Tech,2023,87,71,69
5264,Rahul Mehta,Ahmedabad,Electronics,2023,83,94,69
5265,Rahul Mehta,Mumbai,Mechanical,2025,69,90,90
5266,Tanya Jain,Chennai,Civil,2023,84,78,78
5267,Arjun Singh,Chennai,Mechanical,2025,88,88,78
5268,Priya Gupta,Indore,Civil,2024,84,72,85
5269,Meera Iyer,Delhi,Mechanical,2024,77,80,76
5270,Karan Verma,Pune,Mechanical,2023,83,73,87
5271,Tanya Jain,Bangalore,Computer Science,2025,81,79,89
5272,Rahul Mehta,Pune,Electronics,2023,73,88,74
5273,Ananya Sharma,Ahmedabad,Electronics,2024,89,72,73
5274,Meera Iyer,Delhi,Civil,2024,61,73,66
5275,Ananya Sharma,Indore,Electronics,2024,68,88,75
5276,Tanya Jain,Ahmedabad,Electrical,2024,78,77,74
5277,Ananya Sharma,Indore,Electronics,2025,85,82,67
5278,Rahul Mehta,Delhi,Electronics,2024,79,77,65
5279,Tanya Jain,Pune,Electrical,2025,73,71,78
5280,Arjun Singh,Pune,Civil,2024,85,77,67
5281,Ananya Sharma,Jaipur,IT,2025,73,85,73
5282,Karan Verma,Mumbai,Mechanical,2023,63,87,67
5283,Meera Iyer,Hyderabad,Civil,2023,82,73,82
5284,Arjun Singh,Hyderabad,Mechanical,2023,73,70,68
5285,Karan Verma,Ahmedabad,Computer Science,2024,69,78,72
5286,Vishal Dubey,Pune,Mechanical,2024,67,93,83
5287,Rahul Mehta,Mumbai,Electronics,2023,86,77,84
5288,Rahul Mehta,Indore,Computer Science,2025,72,91,69
5289,Priya Gupta,Ahmedabad,Electronics,2023,65,90,67
5290,Tanya Jain,Jaipur,Electrical,2023,65,71,75
5291,Priya Gupta,Pune,Information Tech,2024,63,86,72
5292,Priya Gupta,Mumbai,IT,2024,68,89,69
5293,Sneha Reddy,Mumbai,Electronics,2024,77,86,75
5294,Rahul Mehta,Pune,IT,2023,72,71,85
5295,Karan Verma,Bangalore,Civil,2024,63,94,71
5296,Sneha Reddy,Indore,Computer Science,2023,62,94,80
5297,Sneha Reddy,Hyderabad,Information Tech,2023,69,74,67
5298,Arjun Singh,Delhi,Computer Science,2023,61,85,86
5299,Tanya Jain,Delhi,Computer Science,2025,72,91,86
5300,Arjun Singh,Hyderabad,Information Tech,2024,78,76,66
5301,Sneha Reddy,Pune,Civil,2024,87,75,80
5302,Rahul Mehta,Mumbai,Computer Science,2025,77,77,68
5303,Meera Iyer,Ahmedabad,Mechanical,2025,69,90,79
5304,Vishal Dubey,Hyderabad,Computer Science,2025,86,91,78
5305,Meera Iyer,Lucknow,Civil,2024,85,80,75
5306,Sneha Reddy,Pune,Electrical,2023,65,87,69
5307,Vishal Dubey,Jaipur,Electronics,2024,86,70,80
5308,Ravi Patel,Jaipur,Computer Science,2025,78,81,75
5309,Ananya Sharma,Ahmedabad,Mechanical,2024,88,81,75
5310,Vishal Dubey,Chennai,Mechanical,2025,85,91,80
5311,Ravi Patel,Jaipur,Mechanical,2025,88,90,85
5312,Arjun Singh,Mumbai,Computer Science,2023,79,82,70
5313,Karan Verma,Lucknow,Information Tech,2023,77,73,74
5314,Arjun Singh,Pune,Mechanical,2024,82,87,89
5315,Ravi Patel,Hyderabad,Electrical,2024,72,79,83
5316,Karan Verma,Bangalore,Mechanical,2025,77,84,74
5317,Priya Gupta,Mumbai,IT,2023,61,80,70
5318,Arjun Singh,Hyderabad,Electrical,2023,82,73,72
5319,Priya Gupta,Hyderabad,Electrical,2023,84,93,78
5320,Ravi Patel,Delhi,Electrical,2023,88,82,68
5321,Rahul Mehta,Jaipur,IT,2024,66,76,83
5322,Ravi Patel,Delhi,IT,2024,85,81,87
5323,Karan Verma,Hyderabad,Electrical,2025,66,71,79
5324,Ananya Sharma,Jaipur,IT,2023,85,78,86
5325,Rahul Mehta,Mumbai,Information Tech,2023,62,75,70
5326,Priya Gupta,Chennai,Electronics,2025,81,73,86
5327,Priya Gupta,Jaipur,Electrical,2023,71,72,82
5328,Meera Iyer,Bangalore,Electronics,2025,65,82,85
5329,Ravi Patel,Mumbai,Computer Science,2023,70,91,65
5330,Priya Gupta,Chennai,Computer Science,2025,62,81,78
5331,Priya Gupta,Chennai,Electronics,2024,81,90,72
5332,Priya Gupta,Chennai,Electrical,2025,86,74,84
5333,Ananya Sharma,Jaipur,Electronics,2023,75,80,71
5334,Ravi Patel,Pune,Information Tech,2024,70,74,88
5335,Priya Gupta,Indore,Computer Science,2024,73,72,73
5336,Rahul Mehta,Chennai,IT,2024,76,76,72
5337,Karan Verma,Mumbai,Civil,2025,83,71,79
5338,Arjun Singh,Pune,IT,2023,70,73,82
5339,Ananya Sharma,Hyderabad,Electrical,2024,78,82,87
5340,Rahul Mehta,Jaipur,Electrical,2023,88,73,80
5341,Ravi Patel,Hyderabad,Computer Science,2023,83,73,79
5342,Ravi Patel,Bangalore,Civil,2023,82,83,68
5343,Priya Gupta,Hyderabad,Mechanical,2024,89,83,86
5344,Karan Verma,Mumbai,IT,2023,86,93,70
5345,Priya Gupta,Delhi,Information Tech,2025,61,92,83
5346,Karan Verma,Mumbai,Computer Science,2024,78,71,66
5347,Priya Gupta,Pune,Civil,2025,82,83,71
5348,Tanya Jain,Delhi,Information Tech,2023,85,95,70
5349,Arjun Singh,Lucknow,Information Tech,2023,60,85,77
5350,Vishal Dubey,Indore,Computer Science,2025,74,88,79
5351,Tanya Jain,Indore,Electronics,2024,71,92,74
5352,Sneha Reddy,Chennai,Civil,2023,72,93,78
5353,Sneha Reddy,Chennai,Civil,2023,68,74,75
5354,Vishal Dubey,Pune,IT,2025,79,73,77
5355,Ananya Sharma,Chennai,Mechanical,2025,77,85,77
5356,Vishal Dubey,Pune,Information Tech,2023,89,77,83
5357,Tanya Jain,Chennai,Electronics,2024,83,83,73
5358,Vishal Dubey,Indore,Civil,2025,64,79,87
5359,Karan Verma,Jaipur,Civil,2025,82,71,66
5360,Ravi Patel,Mumbai,Computer Science,2023,77,87,74
5361,Rahul Mehta,Mumbai,Computer Science,2023,85,84,73
5362,Arjun Singh,Lucknow,Information Tech,2023,82,71,75
5363,Sneha Reddy,Hyderabad,Computer Science,2023,73,77,68
5364,Tanya Jain,Chennai,Mechanical,2025,74,85,68
5365,Karan Verma,Indore,Computer Science,2025,86,80,66
5366,Priya Gupta,Pune,Computer Science,2024,66,74,74
5367,Karan Verma,Bangalore,IT,2025,63,85,82
5368,Rahul Mehta,Hyderabad,Electronics,2024,80,81,71
5369,Arjun Singh,Pune,Mechanical,2023,88,85,65
5370,Tanya Jain,Ahmedabad,Mechanical,2023,87,88,71
5371,Arjun Singh,Bangalore,Computer Science,2025,74,75,76
5372,Priya Gupta,Mumbai,Computer Science,2024,82,85,73
5373,Ravi Patel,Ahmedabad,IT,2023,81,76,68
5374,Ananya Sharma,Chennai,Electrical,2025,71,88,70
5375,Priya Gupta,Delhi,Electrical,2024,71,84,76
5376,Ravi Patel,Delhi,Civil,2024,66,89,68
5377,Vishal Dubey,Pune,Electrical,2023,69,81,84
5378,Arjun Singh,Delhi,Mechanical,2024,82,90,65
5379,Meera Iyer,Pune,Computer Science,2025,63,81,69
5380,Arjun Singh,Delhi,IT,2024,83,72,72
5381,Meera Iyer,Jaipur,Information Tech,2024,88,87,71
5382,Ravi Patel,Lucknow,Electrical,2023,69,95,70
5383,Meera Iyer,Jaipur,Computer Science,2025,64,85,76
5384,Meera Iyer,Chennai,Computer Science,2025,73,83,86
5385,Sneha Reddy,Bangalore,Information Tech,2025,89,77,69
5386,Vishal Dubey,Hyderabad,Electrical,2024,79,90,88
5387,Priya Gupta,Hyderabad,Computer Science,2024,77,75,80
5388,Arjun Singh,Chennai,Information Tech,2025,80,89,87
5389,Priya Gupta,Pune,Mechanical,2025,70,73,78
5390,Ravi Patel,Indore,Information Tech,2025,77,93,84
5391,Vishal Dubey,Jaipur,IT,2023,74,87,65
5392,Arjun Singh,Jaipur,Mechanical,2025,70,91,73
5393,Vishal Dubey,Indore,Electronics,2024,89,78,69
5394,Ananya Sharma,Jaipur,Information Tech,2023,87,84,79
5395,Karan Verma,Mumbai,Electronics,2024,82,95,68
5396,Tanya Jain,Chennai,Computer Science,2025,80,93,71
5397,Arjun Singh,Hyderabad,Information Tech,2024,85,86,84
5398,Vishal Dubey,Indore,Civil,2025,71,71,90
5399,Ananya Sharma,Mumbai,Electronics,2023,89,93,75
5400,Arjun Singh,Pune,Computer Science,2025,70,87,76
5401,Karan Verma,Lucknow,Information Tech,2025,66,77,71
5402,Meera Iyer,Jaipur,Civil,2024,67,74,71
5403,Arjun Singh,Chennai,Civil,2025,72,89,82
5404,Karan Verma,Chennai,IT,2025,76,72,84
5405,Sneha Reddy,Indore,Mechanical,2024,71,84,84
5406,Ravi Patel,Lucknow,Information Tech,2024,74,88,67
5407,Meera Iyer,Chennai,Electrical,2023,64,75,82
5408,Vishal Dubey,Jaipur,Mechanical,2025,83,70,67
5409,Ananya Sharma,Chennai,Electrical,2025,76,75,70
5410,Meera Iyer,Ahmedabad,Electronics,2023,70,77,75
5411,Priya Gupta,Pune,Mechanical,2024,84,75,69
5412,Vishal Dubey,Ahmedabad,IT,2023,90,83,87
5413,Priya Gupta,Ahmedabad,Civil,2023,72,79,88
5414,Sneha Reddy,Jaipur,Mechanical,2025,89,80,70
5415,Rahul Mehta,Chennai,Civil,2023,70,89,75
5416,Tanya Jain,Hyderabad,IT,2025,84,80,73
5417,Tanya Jain,Pune,Electronics,2025,85,79,87
5418,Priya Gupta,Chennai,IT,2025,66,77,86
5419,Ravi Patel,Lucknow,Electrical,2023,68,80,87
5420,Meera Iyer,Delhi,Electronics,2025,72,72,70
5421,Ananya Sharma,Ahmedabad,Civil,2023,80,74,77
5422,Karan Verma,Bangalore,Computer Science,2025,85,72,75
5423,Rahul Mehta,Jaipur,Information Tech,2024,78,80,72
5424,Arjun Singh,Chennai,Electrical,2025,85,76,88
5425,Vishal Dubey,Jaipur,Electronics,2024,63,92,81
5426,Rahul Mehta,Pune,Information Tech,2025,74,81,68
5427,Tanya Jain,Jaipur,Information Tech,2023,71,85,82
5428,Ravi Patel,Jaipur,Information Tech,2023,88,93,74
5429,Meera Iyer,Delhi,Electronics,2023,85,94,84
5430,Ananya Sharma,Jaipur,Electronics,2023,78,81,66
5431,Priya Gupta,Bangalore,Computer Science,2024,81,91,66
5432,Ravi Patel,Chennai,Civil,2024,71,83,70
5433,Ravi Patel,Hyderabad,IT,2024,79,86,76
5434,Tanya Jain,Bangalore,Electronics,2024,78,90,76
5435,Priya Gupta,Lucknow,Electrical,2025,64,91,68
5436,Ravi Patel,Delhi,Civil,2023,87,93,84
5437,Meera Iyer,Mumbai,Mechanical,2024,71,84,78
5438,Karan Verma,Mumbai,Civil,2024,71,73,81
5439,Ananya Sharma,Chennai,Civil,2025,81,82,84
5440,Sneha Reddy,Pune,Civil,2025,81,74,68
5441,Meera Iyer,Lucknow,Information Tech,2025,90,93,80
5442,Sneha Reddy,Bangalore,Mechanical,2023,77,92,74
5443,Vishal Dubey,Hyderabad,IT,2025,69,79,75
5444,Vishal Dubey,Hyderabad,Electrical,2023,86,87,74
5445,Ananya Sharma,Indore,Electronics,2024,62,90,72
5446,Tanya Jain,Lucknow,Electronics,2024,64,74,67
5447,Rahul Mehta,Delhi,Information Tech,2024,67,84,72
5448,Priya Gupta,Indore,Mechanical,2024,66,75,77
5449,Meera Iyer,Delhi,Civil,2023,84,79,79
5450,Vishal Dubey,Chennai,Information Tech,2023,88,94,72
5451,Ravi Patel,Jaipur,Information Tech,2023,73,82,75
5452,Vishal Dubey,Ahmedabad,Electrical,2024,78,82,82
5453,Meera Iyer,Indore,Mechanical,2025,80,72,90
5454,Sneha Reddy,Pune,IT,2023,66,90,69
5455,Rahul Mehta,Mumbai,Electronics,2025,81,82,84
5456,Rahul Mehta,Indore,Electronics,2025,76,74,89
5457,Sneha Reddy,Delhi,Electrical,2023,77,77,71
5458,Karan Verma,Indore,IT,2023,61,88,73
5459,Ravi Patel,Jaipur,Electrical,2024,69,86,84
5460,Arjun Singh,Jaipur,Electrical,2023,74,83,72
5461,Ravi Patel,Chennai,Civil,2023,79,73,82
5462,Ananya Sharma,Lucknow,Information Tech,2023,73,80,80
5463,Tanya Jain,Pune,IT,2023,61,81,71
5464,Karan Verma,Pune,Mechanical,2023,62,80,74
5465,Rahul Mehta,Delhi,IT,2024,65,92,86
5466,Priya Gupta,Bangalore,Electrical,2023,87,78,69
5467,Meera Iyer,Bangalore,IT,2025,71,93,74
5468,Tanya Jain,Mumbai,Civil,2023,66,95,78
5469,Vishal Dubey,Hyderabad,Civil,2024,68,77,75
5470,Vishal Dubey,Jaipur,IT,2025,64,87,69
5471,Ananya Sharma,Pune,IT,2025,84,93,72
5472,Rahul Mehta,Indore,Civil,2024,74,75,85
5473,Priya Gupta,Lucknow,Civil,2025,84,82,74
5474,Priya Gupta,Pune,Information Tech,2024,88,75,88
5475,Arjun Singh,Jaipur,Information Tech,2024,80,79,70
5476,Karan Verma,Ahmedabad,Civil,2023,82,73,82
5477,Arjun Singh,Mumbai,IT,2024,60,71,73
5478,Karan Verma,Jaipur,IT,2024,87,77,69
5479,Ravi Patel,Delhi,Civil,2024,64,77,87
5480,Priya Gupta,Delhi,Electrical,2023,81,92,88
5481,Ananya Sharma,Pune,Civil,2023,75,93,81
5482,Priya Gupta,Delhi,Information Tech,2024,80,72,69
5483,Ananya Sharma,Jaipur,Computer Science,2025,80,72,70
5484,Meera Iyer,Hyderabad,Computer Science,2023,86,84,65
5485,Arjun Singh,Delhi,Electrical,2025,87,72,82
5486,Meera Iyer,Bangalore,Electrical,2024,74,78,86
5487,Karan Verma,Delhi,Electronics,2024,79,87,80
5488,Arjun Singh,Lucknow,Electrical,2023,63,75,68
5489,Ananya Sharma,Lucknow,Computer Science,2024,82,95,67
5490,Tanya Jain,Pune,Information Tech,2025,64,80,87
5491,Arjun Singh,Mumbai,Electrical,2023,78,90,68
5492,Rahul Mehta,Pune,Civil,2025,87,71,85
5493,Meera Iyer,Ahmedabad,Computer Science,2025,63,77,78
5494,Karan Verma,Indore,Computer Science,2023,77,75,86
5495,Priya Gupta,Chennai,IT,2024,77,91,70
5496,Ravi Patel,Delhi,Information Tech,2025,65,92,77
5497,Ravi Patel,Hyderabad,Mechanical,2023,63,71,89
5498,Karan Verma,Delhi,IT,2025,71,91,67
5499,Tanya Jain,Pune,Mechanical,2025,61,94,66
5500,Karan Verma,Bangalore,Electrical,2023,66,78,78
5501,Priya Gupta,Pune,Electrical,2023,70,95,72
5502,Ananya Sharma,Pune,Computer Science,2024,74,88,82
5503,Arjun Singh,Hyderabad,Mechanical,2024,82,75,77
5504,Priya Gupta,Mumbai,Information Tech,2023,82,94,86
5505,Sneha Reddy,Ahmedabad,Electrical,2023,60,73,75
5506,Sneha Reddy,Bangalore,Electrical,2025,62,78,69
5507,Ravi Patel,Mumbai,Information Tech,2024,77,76,70
5508,Tanya Jain,Indore,IT,2025,60,84,76
5509,Meera Iyer,Delhi,Civil,2024,63,74,69
5510,Priya Gupta,Hyderabad,Civil,2023,66,93,87
5511,Karan Verma,Delhi,IT,2023,76,80,81
5512,Ravi Patel,Mumbai,IT,2023,86,86,79
5513,Tanya Jain,Bangalore,Electronics,2024,60,83,72
5514,Karan Verma,Hyderabad,Civil,2025,75,72,80
5515,Priya Gupta,Pune,Mechanical,2024,73,91,76
5516,Vishal Dubey,Indore,Civil,2024,84,80,66
5517,Tanya Jain,Lucknow,Civil,2024,74,89,74
5518,Rahul Mehta,Mumbai,Mechanical,2023,65,89,89
5519,Arjun Singh,Lucknow,Computer Science,2024,82,94,76
5520,Ananya Sharma,Jaipur,Mechanical,2024,88,77,83
5521,Meera Iyer,Hyderabad,Computer Science,2025,76,75,79
5522,Ravi Patel,Delhi,Civil,2025,66,84,79
5523,Vishal Dubey,Ahmedabad,Civil,2024,84,84,83
5524,Rahul Mehta,Lucknow,Civil,2025,78,70,78
5525,Karan Verma,Ahmedabad,Electronics,2023,86,83,78
5526,Meera Iyer,Mumbai,Electrical,2024,68,77,73
5527,Meera Iyer,Bangalore,Computer Science,2025,77,85,85
5528,Sneha Reddy,Hyderabad,IT,2024,87,88,84
5529,Arjun Singh,Hyderabad,Computer Science,2024,64,81,89
5530,Karan Verma,Jaipur,Mechanical,2023,62,70,84
5531,Ananya Sharma,Hyderabad,Computer Science,2023,90,85,67
5532,Ananya Sharma,Lucknow,Computer Science,2024,85,92,80
5533,Tanya Jain,Jaipur,IT,2024,78,86,71
5534,Sneha Reddy,Pune,Electrical,2023,76,79,73
5535,Vishal Dubey,Ahmedabad,IT,2023,61,92,74
5536,Priya Gupta,Mumbai,Civil,2025,60,84,68
5537,Vishal Dubey,Pune,Electronics,2023,75,85,86
5538,Tanya Jain,Lucknow,Civil,2024,69,83,89
5539,Ravi Patel,Lucknow,Computer Science,2023,65,87,68
5540,Karan Verma,Pune,Civil,2023,64,89,84
5541,Karan Verma,Hyderabad,Mechanical,2025,62,82,73
5542,Rahul Mehta,Delhi,Information Tech,2024,68,74,72
5543,Ananya Sharma,Mumbai,IT,2025,84,87,85
5544,Meera Iyer,Bangalore,Electrical,2024,69,88,78
5545,Rahul Mehta,Delhi,Computer Science,2023,78,72,85
5546,Tanya Jain,Lucknow,Civil,2023,68,78,69
5547,Sneha Reddy,Lucknow,Mechanical,2023,89,87,71
5548,Ananya Sharma,Indore,Mechanical,2024,81,86,80
5549,Karan Verma,Chennai,Computer Science,2023,71,83,87
5550,Karan Verma,Mumbai,Electronics,2024,82,75,84
5551,Ravi Patel,Pune,Mechanical,2023,89,91,86
5552,Ananya Sharma,Ahmedabad,IT,2023,74,84,81
5553,Vishal Dubey,Delhi,Information Tech,2023,86,71,65
5554,Arjun Singh,Bangalore,Civil,2025,70,94,67
5555,Rahul Mehta,Chennai,Civil,2025,68,94,86
5556,Ravi Patel,Chennai,Electronics,2023,64,73,81
5557,Ravi Patel,Chennai,Mechanical,2024,68,85,84
5558,Sneha Reddy,Delhi,Mechanical,2025,88,82,84
5559,Ananya Sharma,Jaipur,Information Tech,2025,62,73,71
5560,Rahul Mehta,Ahmedabad,Civil,2025,80,81,75
5561,Tanya Jain,Lucknow,Civil,2023,80,82,70
5562,Meera Iyer,Pune,Information Tech,2024,70,89,80
5563,Priya Gupta,Mumbai,Civil,2025,86,91,75
5564,Karan Verma,Jaipur,Civil,2023,89,93,67
5565,Ravi Patel,Indore,Electrical,2025,88,81,70
5566,Rahul Mehta,Jaipur,Information Tech,2025,64,80,66
5567,Sneha Reddy,Indore,Mechanical,2025,65,86,74
5568,Tanya Jain,Mumbai,Electrical,2025,80,84,86
5569,Karan Verma,Delhi,Information Tech,2024,66,72,81
5570,Vishal Dubey,Lucknow,Information Tech,2023,71,74,73
5571,Karan Verma,Bangalore,Electrical,2024,64,88,77
5572,Tanya Jain,Delhi,Information Tech,2023,61,91,66
5573,Sneha Reddy,Pune,Information Tech,2025,65,89,78
5574,Ravi Patel,Hyderabad,Mechanical,2023,78,93,79
5575,Tanya Jain,Delhi,IT,2023,80,71,65
5576,Ananya Sharma,Lucknow,Electrical,2025,67,71,67
5577,Tanya Jain,Jaipur,Civil,2024,85,70,76
5578,Karan Verma,Ahmedabad,Mechanical,2024,69,91,82
5579,Vishal Dubey,Chennai,Mechanical,2025,88,74,83
5580,Rahul Mehta,Jaipur,Electronics,2025,65,85,76
5581,Ananya Sharma,Pune,Electronics,2025,74,76,84
5582,Ravi Patel,Lucknow,Mechanical,2023,83,73,89
5583,Meera Iyer,Bangalore,Computer Science,2024,64,75,89
5584,Arjun Singh,Pune,IT,2025,63,81,75
5585,Rahul Mehta,Ahmedabad,Civil,2023,76,93,74
5586,Meera Iyer,Hyderabad,Mechanical,2024,81,93,88
5587,Karan Verma,Chennai,Electrical,2024,66,78,86
5588,Ananya Sharma,Chennai,Mechanical,2023,80,84,87
5589,Karan Verma,Mumbai,Civil,2024,65,81,74
5590,Priya Gupta,Pune,Computer Science,2025,81,74,85
5591,Karan Verma,Hyderabad,Mechanical,2024,89,75,89
5592,Ravi Patel,Pune,Electronics,2024,64,93,87
5593,Ananya Sharma,Pune,Information Tech,2024,63,91,75
5594,Arjun Singh,Indore,Information Tech,2023,74,81,87
5595,Sneha Reddy,Delhi,Information Tech,2023,86,76,75
5596,Vishal Dubey,Bangalore,Electrical,2024,72,75,77
5597,Karan Verma,Ahmedabad,Electronics,2023,85,75,69
5598,Rahul Mehta,Chennai,Civil,2025,71,75,66
5599,Karan Verma,Pune,Electronics,2024,68,93,84
5600,Karan Verma,Mumbai,Electrical,2023,79,82,89
5601,Meera Iyer,Indore,Computer Science,2023,76,91,80
5602,Vishal Dubey,Bangalore,Civil,2024,65,94,66
5603,Tanya Jain,Mumbai,Civil,2024,75,91,78
5604,Karan Verma,Pune,Civil,2024,88,80,85
5605,Meera Iyer,Delhi,Information Tech,2024,71,89,69
5606,Arjun Singh,Jaipur,Electronics,2023,71,75,75
5607,Tanya Jain,Chennai,Electrical,2024,63,84,76
5608,Priya Gupta,Delhi,Computer Science,2025,88,92,73
5609,Tanya Jain,Pune,Mechanical,2024,77,74,74
5610,Tanya Jain,Indore,Information Tech,2024,74,72,72
5611,Ananya Sharma,Delhi,Information Tech,2023,78,90,86
5612,Arjun Singh,Pune,Mechanical,2023,88,75,86
5613,Tanya Jain,Bangalore,IT,2023,72,75,88
5614,Meera Iyer,Bangalore,Electrical,2023,77,75,70
5615,Arjun Singh,Bangalore,Computer Science,2024,60,71,72
5616,Tanya Jain,Mumbai,IT,2025,62,82,89
5617,Rahul Mehta,Chennai,Information Tech,2024,76,85,78
5618,Vishal Dubey,Lucknow,Electrical,2025,62,90,66
5619,Karan Verma,Bangalore,Electronics,2023,80,79,78
5620,Rahul Mehta,Bangalore,Computer Science,2025,86,85,77
5621,Arjun Singh,Hyderabad,Civil,2024,78,85,88
5622,Tanya Jain,Chennai,Mechanical,2025,68,92,84
5623,Rahul Mehta,Jaipur,Civil,2025,76,72,72
5624,Rahul Mehta,Mumbai,Electronics,2024,86,84,86
5625,Meera Iyer,Chennai,IT,2025,84,81,66
5626,Vishal Dubey,Hyderabad,Information Tech,2025,78,94,82
5627,Arjun Singh,Hyderabad,IT,2024,63,90,90
5628,Priya Gupta,Indore,Civil,2024,65,72,81
5629,Meera Iyer,Mumbai,Information Tech,2025,65,92,65
5630,Ananya Sharma,Mumbai,IT,2023,80,84,88
5631,Priya Gupta,Jaipur,Computer Science,2023,77,90,82
5632,Arjun Singh,Bangalore,Computer Science,2024,87,71,68
5633,Sneha Reddy,Mumbai,Electrical,2025,63,76,70
5634,Arjun Singh,Bangalore,IT,2024,63,80,85
5635,Priya Gupta,Pune,Information Tech,2023,73,78,69
5636,Tanya Jain,Lucknow,Civil,2024,65,91,90
5637,Rahul Mehta,Pune,Civil,2023,68,93,71
5638,Meera Iyer,Ahmedabad,Civil,2025,63,70,72
5639,Rahul Mehta,Chennai,Mechanical,2025,87,78,76
5640,Vishal Dubey,Hyderabad,Electrical,2023,64,86,87
5641,Vishal Dubey,Chennai,Mechanical,2024,78,70,86
5642,Ananya Sharma,Lucknow,Information Tech,2024,72,72,76
5643,Ananya Sharma,Indore,Information Tech,2024,68,79,74
5644,Meera Iyer,Delhi,Computer Science,2023,89,76,68
5645,Ravi Patel,Jaipur,IT,2024,81,75,78
5646,Rahul Mehta,Jaipur,Computer Science,2023,80,82,72
5647,Karan Verma,Pune,Electronics,2023,83,86,66
5648,Karan Verma,Mumbai,Information Tech,2025,89,88,87
5649,Ravi Patel,Delhi,IT,2023,83,91,79
5650,Tanya Jain,Pune,Information Tech,2025,64,83,85
5651,Tanya Jain,Bangalore,IT,2025,74,73,73
5652,Tanya Jain,Indore,IT,2024,64,75,77
5653,Ravi Patel,Hyderabad,Mechanical,2023,86,83,82
5654,Ravi Patel,Chennai,Information Tech,2023,81,92,80
5655,Tanya Jain,Indore,Mechanical,2023,64,74,84
5656,Vishal Dubey,Delhi,Computer Science,2024,69,76,83
5657,Ananya Sharma,Bangalore,Computer Science,2023,77,78,74
5658,Meera Iyer,Delhi,Civil,2024,70,80,67
5659,Rahul Mehta,Hyderabad,Electrical,2024,71,73,84
5660,Ananya Sharma,Chennai,Mechanical,2025,90,92,76
5661,Vishal Dubey,Ahmedabad,Electronics,2024,77,93,67
5662,Vishal Dubey,Hyderabad,Electronics,2023,61,93,76
5663,Meera Iyer,Bangalore,Computer Science,2025,88,95,79
5664,Vishal Dubey,Chennai,IT,2024,73,75,73
5665,Karan Verma,Hyderabad,Electronics,2023,82,94,84
5666,Tanya Jain,Indore,Electrical,2024,78,92,84
5667,Sneha Reddy,Bangalore,IT,2024,86,71,79
5668,Rahul Mehta,Mumbai,Civil,2025,88,77,74
5669,Ravi Patel,Hyderabad,Mechanical,2023,60,81,73
5670,Vishal Dubey,Delhi,IT,2023,67,83,75
5671,Ananya Sharma,Ahmedabad,Information Tech,2024,67,91,70
5672,Ravi Patel,Pune,Information Tech,2025,64,71,79
5673,Karan Verma,Pune,Electronics,2024,73,84,70
5674,Ravi Patel,Lucknow,Computer Science,2024,61,71,77
5675,Ananya Sharma,Jaipur,Mechanical,2024,61,73,85
5676,Ananya Sharma,Ahmedabad,Computer Science,2025,76,72,78
5677,Ravi Patel,Pune,Civil,2025,74,85,83
5678,Arjun Singh,Indore,Computer Science,2025,79,81,66
5679,Priya Gupta,Bangalore,Mechanical,2023,72,85,81
5680,Rahul Mehta,Chennai,Civil,2024,89,83,73
5681,Vishal Dubey,Lucknow,Electrical,2025,83,91,68
5682,Ravi Patel,Chennai,Information Tech,2024,87,91,87
5683,Vishal Dubey,Indore,IT,2024,83,83,73
5684,Ananya Sharma,Ahmedabad,IT,2023,81,74,78
5685,Ananya Sharma,Pune,Civil,2025,88,78,72
5686,Karan Verma,Mumbai,Civil,2023,79,82,67
5687,Karan Verma,Delhi,Computer Science,2023,68,86,86
5688,Sneha Reddy,Mumbai,IT,2025,69,74,84
5689,Rahul Mehta,Delhi,Electrical,2025,86,70,76
5690,Meera Iyer,Mumbai,Mechanical,2023,69,93,83
5691,Tanya Jain,Indore,Computer Science,2023,66,79,70
5692,Vishal Dubey,Mumbai,IT,2023,81,82,86
5693,Rahul Mehta,Indore,Mechanical,2024,71,87,71
5694,Meera Iyer,Delhi,Mechanical,2025,76,72,89
5695,Meera Iyer,Chennai,Electronics,2025,85,81,77
5696,Tanya Jain,Chennai,Computer Science,2023,61,85,85
5697,Ravi Patel,Lucknow,Civil,2023,65,71,69
5698,Tanya Jain,Chennai,Electrical,2023,61,88,77
5699,Karan Verma,Lucknow,Computer Science,2025,89,92,75
5700,Arjun Singh,Delhi,Electronics,2024,79,77,84
5701,Karan Verma,Lucknow,Electrical,2023,72,82,81
5702,Ravi Patel,Delhi,IT,2024,62,93,69
5703,Sneha Reddy,Ahmedabad,IT,2024,81,89,86
5704,Rahul Mehta,Indore,Mechanical,2025,70,86,80
5705,Meera Iyer,Mumbai,Computer Science,2024,82,80,72
5706,Rahul Mehta,Lucknow,IT,2024,70,83,81
5707,Rahul Mehta,Chennai,Information Tech,2023,86,83,89
5708,Priya Gupta,Bangalore,Electrical,2024,81,93,86
5709,Tanya Jain,Chennai,Electronics,2023,62,82,83
5710,Tanya Jain,Chennai,Electrical,2024,81,72,80
5711,Meera Iyer,Ahmedabad,Civil,2023,69,91,83
5712,Tanya Jain,Lucknow,Electronics,2024,65,84,72
5713,Arjun Singh,Mumbai,Mechanical,2023,88,79,81
5714,Priya Gupta,Mumbai,Information Tech,2023,74,93,75
5715,Tanya Jain,Lucknow,IT,2025,67,85,72
5716,Ananya Sharma,Indore,Electronics,2024,85,94,73
5717,Tanya Jain,Ahmedabad,Information Tech,2023,67,70,75
5718,Arjun Singh,Delhi,Information Tech,2023,69,75,78
5719,Meera Iyer,Delhi,Mechanical,2025,89,77,82
5720,Rahul Mehta,Ahmedabad,Civil,2024,74,80,80
5721,Ananya Sharma,Jaipur,Mechanical,2024,63,85,86
5722,Tanya Jain,Ahmedabad,Electronics,2025,77,82,81
5723,Vishal Dubey,Hyderabad,Information Tech,2023,66,76,82
5724,Sneha Reddy,Chennai,Computer Science,2023,89,74,77
5725,Ravi Patel,Lucknow,Civil,2023,78,86,67
5726,Rahul Mehta,Ahmedabad,Electrical,2024,63,78,80
5727,Rahul Mehta,Jaipur,Information Tech,2025,81,73,67
5728,Vishal Dubey,Lucknow,Mechanical,2024,69,82,66
5729,Ananya Sharma,Lucknow,Information Tech,2025,78,73,88
5730,Priya Gupta,Lucknow,Civil,2023,89,86,78
5731,Sneha Reddy,Mumbai,Civil,2023,88,92,66
5732,Priya Gupta,Lucknow,Information Tech,2023,73,86,65
5733,Meera Iyer,Jaipur,Civil,2024,81,93,69
5734,Karan Verma,Ahmedabad,Information Tech,2025,66,90,88
5735,Ravi Patel,Pune,Electronics,2024,88,88,65
5736,Meera Iyer,Hyderabad,Mechanical,2025,79,86,83
5737,Meera Iyer,Ahmedabad,Mechanical,2024,66,80,82
5738,Sneha Reddy,Pune,Information Tech,2024,88,86,77
5739,Vishal Dubey,Hyderabad,Mechanical,2025,89,85,74
5740,Arjun Singh,Delhi,Electrical,2024,85,88,80
5741,Vishal Dubey,Jaipur,Mechanical,2023,88,85,79
5742,Vishal Dubey,Chennai,Computer Science,2025,65,80,83
5743,Ravi Patel,Lucknow,Computer Science,2024,87,84,73
5744,Meera Iyer,Pune,Electronics,2025,70,81,69
5745,Arjun Singh,Jaipur,Electrical,2025,61,90,68
5746,Arjun Singh,Delhi,Information Tech,2025,62,77,79
5747,Vishal Dubey,Bangalore,Electronics,2023,79,70,67
5748,Ananya Sharma,Indore,IT,2025,88,81,90
5749,Sneha Reddy,Jaipur,Information Tech,2023,71,84,71
5750,Karan Verma,Ahmedabad,Information Tech,2023,84,88,73
5751,Ananya Sharma,Delhi,Information Tech,2024,68,95,71
5752,Tanya Jain,Mumbai,Computer Science,2024,61,92,78
5753,Vishal Dubey,Mumbai,IT,2025,63,73,86
5754,Tanya Jain,Jaipur,Mechanical,2024,80,87,87
5755,Vishal Dubey,Pune,IT,2025,71,77,82
5756,Ananya Sharma,Hyderabad,Information Tech,2024,88,84,85
5757,Arjun Singh,Delhi,IT,2025,83,74,84
5758,Sneha Reddy,Jaipur,Computer Science,2024,85,71,78
5759,Priya Gupta,Ahmedabad,Civil,2024,82,73,66
5760,Rahul Mehta,Ahmedabad,Information Tech,2023,83,92,86
5761,Arjun Singh,Mumbai,Civil,2023,90,80,84
5762,Sneha Reddy,Lucknow,Information Tech,2025,85,79,67
5763,Ravi Patel,Mumbai,IT,2023,72,75,66
5764,Ravi Patel,Lucknow,Information Tech,2023,61,85,81
5765,Karan Verma,Ahmedabad,Information Tech,2025,66,81,69
5766,Vishal Dubey,Chennai,Computer Science,2025,62,92,67
5767,Ravi Patel,Indore,Electrical,2025,73,77,87
5768,Rahul Mehta,Lucknow,Information Tech,2025,86,78,66
5769,Meera Iyer,Ahmedabad,Computer Science,2024,62,81,66
5770,Arjun Singh,Lucknow,Information Tech,2023,62,74,65
5771,Ananya Sharma,Delhi,Computer Science,2024,69,77,87
5772,Meera Iyer,Chennai,Civil,2023,88,91,83
5773,Meera Iyer,Delhi,Electronics,2025,79,84,78
5774,Meera Iyer,Mumbai,Electronics,2024,89,80,67
5775,Ravi Patel,Mumbai,Computer Science,2023,71,85,86
5776,Meera Iyer,Bangalore,Mechanical,2023,64,72,89
5777,Vishal Dubey,Delhi,IT,2024,75,87,72
5778,Priya Gupta,Lucknow,IT,2025,68,77,68
5779,Priya Gupta,Mumbai,Civil,2024,75,75,76
5780,Tanya Jain,Mumbai,Information Tech,2024,83,84,81
5781,Karan Verma,Pune,Mechanical,2023,84,92,70
5782,Ravi Patel,Hyderabad,Electrical,2024,60,87,75
5783,Ravi Patel,Ahmedabad,Electronics,2025,84,73,82
5784,Arjun Singh,Mumbai,Electrical,2023,90,81,67
5785,Karan Verma,Hyderabad,Mechanical,2025,90,90,87
5786,Meera Iyer,Lucknow,Civil,2024,80,94,79
5787,Arjun Singh,Hyderabad,Computer Science,2023,74,87,76
5788,Ravi Patel,Chennai,Information Tech,2025,76,86,88
5789,Vishal Dubey,Delhi,Electronics,2025,63,80,71
5790,Priya Gupta,Indore,Mechanical,2023,63,76,68
5791,Karan Verma,Hyderabad,Electrical,2025,63,74,89
5792,Tanya Jain,Hyderabad,Computer Science,2024,82,77,78
5793,Arjun Singh,Delhi,IT,2025,84,89,66
5794,Meera Iyer,Ahmedabad,Electrical,2025,85,71,84
5795,Vishal Dubey,Mumbai,Mechanical,2023,83,72,76
5796,Tanya Jain,Jaipur,Electrical,2025,71,86,65
5797,Vishal Dubey,Chennai,Electrical,2024,61,92,70
5798,Meera Iyer,Lucknow,Computer Science,2024,70,87,71
5799,Arjun Singh,Pune,Electrical,2024,83,82,67
5800,Ravi Patel,Chennai,IT,2025,72,72,74
5801,Karan Verma,Ahmedabad,Computer Science,2023,83,86,78
5802,Tanya Jain,Bangalore,Computer Science,2023,71,91,87
5803,Karan Verma,Mumbai,Information Tech,2023,89,72,75
5804,Ravi Patel,Pune,Computer Science,2023,80,75,71
5805,Sneha Reddy,Bangalore,Information Tech,2025,80,92,82
5806,Sneha Reddy,Bangalore,Information Tech,2024,76,93,87
5807,Priya Gupta,Pune,Information Tech,2023,69,88,81
5808,Ananya Sharma,Hyderabad,Civil,2025,67,74,67
5809,Tanya Jain,Mumbai,Computer Science,2023,87,80,87
5810,Sneha Reddy,Indore,Information Tech,2024,72,85,80
5811,Tanya Jain,Lucknow,Electrical,2025,85,74,76
5812,Priya Gupta,Pune,Information Tech,2023,74,82,80
5813,Ravi Patel,Jaipur,Information Tech,2023,83,75,69
5814,Sneha Reddy,Jaipur,IT,2023,73,94,85
5815,Vishal Dubey,Jaipur,Electronics,2025,83,88,81
5816,Priya Gupta,Hyderabad,Electronics,2025,68,74,75
5817,Sneha Reddy,Delhi,Electrical,2023,74,80,73
5818,Karan Verma,Bangalore,Computer Science,2024,64,74,73
5819,Arjun Singh,Lucknow,Electrical,2025,85,75,76
5820,Meera Iyer,Bangalore,IT,2023,78,94,73
5821,Priya Gupta,Hyderabad,Computer Science,2024,69,82,74
5822,Vishal Dubey,Lucknow,Computer Science,2024,71,74,75
5823,Priya Gupta,Indore,Electrical,2023,79,91,69
5824,Sneha Reddy,Hyderabad,Electronics,2024,77,84,67
5825,Ananya Sharma,Bangalore,Electronics,2023,89,93,78
5826,Ananya Sharma,Delhi,IT,2023,73,93,69
5827,Meera Iyer,Indore,Electrical,2025,63,86,73
5828,Sneha Reddy,Chennai,Information Tech,2024,83,82,72
5829,Arjun Singh,Bangalore,Mechanical,2024,62,76,71
5830,Tanya Jain,Lucknow,Computer Science,2025,63,81,87
5831,Rahul Mehta,Chennai,IT,2023,79,89,86
5832,Karan Verma,Pune,IT,2024,66,77,68
5833,Sneha Reddy,Pune,Electronics,2023,73,72,82
5834,Rahul Mehta,Ahmedabad,Mechanical,2023,89,83,78
5835,Tanya Jain,Bangalore,Electrical,2024,66,80,75
5836,Vishal Dubey,Mumbai,Civil,2025,62,93,90
5837,Tanya Jain,Lucknow,Information Tech,2024,75,80,88
5838,Sneha Reddy,Delhi,Electronics,2025,73,78,79
5839,Priya Gupta,Lucknow,Civil,2023,70,90,87
5840,Sneha Reddy,Jaipur,Electronics,2024,89,77,77
5841,Meera Iyer,Lucknow,Electronics,2024,75,79,81
5842,Karan Verma,Indore,Computer Science,2025,76,71,67
5843,Karan Verma,Bangalore,IT,2023,80,76,72
5844,Tanya Jain,Pune,Electrical,2024,70,89,65
5845,Ravi Patel,Bangalore,Information Tech,2025,69,84,79
5846,Meera Iyer,Jaipur,IT,2025,75,75,68
5847,Priya Gupta,Chennai,IT,2024,84,84,75
5848,Vishal Dubey,Lucknow,Information Tech,2024,82,82,73
5849,Tanya Jain,Hyderabad,Electronics,2023,71,84,69
5850,Ananya Sharma,Bangalore,Computer Science,2023,62,81,89
5851,Tanya Jain,Chennai,Civil,2025,75,92,81
5852,Priya Gupta,Bangalore,IT,2023,68,93,75
5853,Ravi Patel,Delhi,Computer Science,2024,60,71,70
5854,Karan Verma,Jaipur,Information Tech,2025,81,74,82
5855,Vishal Dubey,Hyderabad,Computer Science,2023,64,74,71
5856,Rahul Mehta,Bangalore,Computer Science,2024,88,93,82
5857,Ananya Sharma,Bangalore,Mechanical,2023,63,88,71
5858,Meera Iyer,Jaipur,Information Tech,2024,83,71,67
5859,Arjun Singh,Delhi,Computer Science,2023,80,84,83
5860,Ravi Patel,Jaipur,IT,2024,67,82,74
5861,Meera Iyer,Chennai,Computer Science,2023,77,84,85
5862,Arjun Singh,Chennai,Computer Science,2025,68,76,84
5863,Rahul Mehta,Mumbai,Mechanical,2023,82,71,84
5864,Rahul Mehta,Jaipur,Electrical,2024,73,84,78
5865,Priya Gupta,Indore,Electrical,2023,87,94,80
5866,Meera Iyer,Hyderabad,Civil,2024,79,91,75
5867,Arjun Singh,Mumbai,IT,2023,69,88,70
5868,Karan Verma,Mumbai,Computer Science,2024,79,86,84
5869,Ravi Patel,Bangalore,Civil,2025,83,91,66
5870,Meera Iyer,Jaipur,Civil,2024,73,77,88
5871,Arjun Singh,Delhi,Mechanical,2023,61,84,67
5872,Ravi Patel,Lucknow,Electrical,2023,89,79,82
5873,Rahul Mehta,Lucknow,IT,2023,83,83,86
5874,Arjun Singh,Ahmedabad,Computer Science,2023,73,94,79
5875,Ravi Patel,Chennai,Mechanical,2023,86,93,73
5876,Sneha Reddy,Delhi,Information Tech,2023,89,75,69
5877,Ravi Patel,Hyderabad,Electronics,2023,70,95,80
5878,Vishal Dubey,Pune,Civil,2023,74,87,85
5879,Ravi Patel,Bangalore,Mechanical,2023,70,76,84
5880,Rahul Mehta,Mumbai,Electrical,2023,67,86,70
5881,Karan Verma,Jaipur,Civil,2024,76,80,74
5882,Rahul Mehta,Bangalore,Information Tech,2024,86,75,81
5883,Meera Iyer,Ahmedabad,Mechanical,2024,73,77,87
5884,Vishal Dubey,Pune,Electrical,2024,60,73,87
5885,Meera Iyer,Jaipur,IT,2024,87,76,81
5886,Sneha Reddy,Bangalore,Civil,2023,74,93,84
5887,Tanya Jain,Bangalore,Civil,2024,65,87,79
5888,Meera Iyer,Ahmedabad,Electrical,2023,80,71,67
5889,Meera Iyer,Delhi,Mechanical,2025,64,95,89
5890,Sneha Reddy,Pune,Electrical,2023,78,92,74
5891,Karan Verma,Pune,Electrical,2023,75,80,66
5892,Rahul Mehta,Bangalore,Mechanical,2025,71,71,75
5893,Ravi Patel,Pune,Civil,2023,90,83,83
5894,Vishal Dubey,Indore,Electronics,2023,80,81,82
5895,Karan Verma,Delhi,Electrical,2025,71,74,84
5896,Karan Verma,Ahmedabad,Mechanical,2025,72,86,67
5897,Meera Iyer,Chennai,Electronics,2024,61,88,72
5898,Vishal Dubey,Pune,Electronics,2023,69,86,88
5899,Sneha Reddy,Hyderabad,Civil,2023,80,87,72
5900,Karan Verma,Indore,Mechanical,2023,81,83,80
5901,Arjun Singh,Mumbai,Electrical,2023,80,89,80
5902,Rahul Mehta,Ahmedabad,Civil,2024,77,74,70
5903,Vishal Dubey,Indore,Information Tech,2023,80,77,76
5904,Rahul Mehta,Chennai,Information Tech,2024,64,85,89
5905,Rahul Mehta,Jaipur,IT,2025,81,93,87
5906,Ravi Patel,Mumbai,Civil,2024,68,89,69
5907,Arjun Singh,Bangalore,IT,2023,87,70,82
5908,Rahul Mehta,Delhi,Computer Science,2024,82,94,85
5909,Sneha Reddy,Hyderabad,Computer Science,2023,89,74,81
5910,Ravi Patel,Ahmedabad,IT,2025,73,79,84
5911,Ravi Patel,Pune,Electrical,2024,84,74,70
5912,Ravi Patel,Indore,Electrical,2023,89,79,85
5913,Priya Gupta,Indore,Electrical,2025,70,73,78
5914,Ravi Patel,Mumbai,Electrical,2023,70,93,85
5915,Arjun Singh,Lucknow,Computer Science,2023,76,81,69
5916,Priya Gupta,Ahmedabad,Electrical,2024,65,84,83
5917,Arjun Singh,Delhi,Mechanical,2023,69,74,87
5918,Arjun Singh,Pune,Electronics,2023,60,93,70
5919,Tanya Jain,Mumbai,Information Tech,2025,86,72,73
5920,Tanya Jain,Hyderabad,Electrical,2025,86,83,87
5921,Rahul Mehta,Ahmedabad,Computer Science,2024,66,84,87
5922,Rahul Mehta,Delhi,IT,2024,65,91,86
5923,Vishal Dubey,Chennai,IT,2024,77,88,89
5924,Karan Verma,Pune,IT,2024,66,92,87
5925,Arjun Singh,Pune,Computer Science,2024,89,90,83
5926,Priya Gupta,Jaipur,Civil,2024,66,75,68
5927,Rahul Mehta,Delhi,IT,2024,83,86,81
5928,Meera Iyer,Hyderabad,Computer Science,2025,60,95,89
5929,Sneha Reddy,Hyderabad,Electronics,2024,80,76,75
5930,Priya Gupta,Chennai,Information Tech,2023,62,73,83
5931,Ravi Patel,Bangalore,Electrical,2024,83,70,66
5932,Arjun Singh,Pune,Mechanical,2025,86,94,81
5933,Karan Verma,Lucknow,Electrical,2024,82,72,73
5934,Arjun Singh,Chennai,Electronics,2023,86,83,69
5935,Tanya Jain,Delhi,Information Tech,2025,77,90,87
5936,Ananya Sharma,Ahmedabad,Civil,2023,73,93,70
5937,Ananya Sharma,Indore,Electrical,2025,78,84,83
5938,Tanya Jain,Ahmedabad,Civil,2023,60,84,83
5939,Rahul Mehta,Delhi,Information Tech,2025,87,86,71
5940,Meera Iyer,Delhi,Computer Science,2025,65,71,76
5941,Vishal Dubey,Indore,Mechanical,2025,78,83,84
5942,Vishal Dubey,Jaipur,Computer Science,2024,82,95,77
5943,Sneha Reddy,Delhi,Mechanical,2023,77,86,74
5944,Sneha Reddy,Lucknow,Electronics,2025,80,89,86
5945,Meera Iyer,Mumbai,Electronics,2025,73,72,88
5946,Ravi Patel,Ahmedabad,Computer Science,2025,82,76,80
5947,Ananya Sharma,Delhi,Mechanical,2024,77,75,90
5948,Priya Gupta,Lucknow,Information Tech,2023,87,77,67
5949,Tanya Jain,Chennai,IT,2023,71,78,69
5950,Tanya Jain,Chennai,Information Tech,2024,90,90,68
5951,Tanya Jain,Delhi,Mechanical,2023,75,76,83
5952,Ananya Sharma,Indore,Civil,2024,78,79,79
5953,Meera Iyer,Hyderabad,Information Tech,2023,65,79,74
5954,Meera Iyer,Mumbai,Electronics,2025,90,72,90
5955,Priya Gupta,Jaipur,Civil,2023,87,74,82
5956,Rahul Mehta,Bangalore,Electronics,2024,68,93,83
5957,Ravi Patel,Bangalore,Computer Science,2024,65,91,74
5958,Arjun Singh,Delhi,Electronics,2025,76,89,86
5959,Meera Iyer,Bangalore,Civil,2025,81,83,69
5960,Ravi Patel,Pune,Mechanical,2024,74,82,73
5961,Meera Iyer,Lucknow,Information Tech,2023,62,79,81
5962,Priya Gupta,Bangalore,Mechanical,2024,69,76,79
5963,Rahul Mehta,Indore,Mechanical,2025,79,93,80
5964,Sneha Reddy,Delhi,Civil,2025,88,80,66
5965,Rahul Mehta,Chennai,Electrical,2025,63,86,70
5966,Arjun Singh,Delhi,Information Tech,2025,60,72,85
5967,Sneha Reddy,Mumbai,Electronics,2025,66,85,90
5968,Vishal Dubey,Jaipur,Mechanical,2025,88,80,81
5969,Vishal Dubey,Lucknow,Electrical,2023,85,79,74
5970,Ravi Patel,Mumbai,Information Tech,2024,88,82,89
5971,Ananya Sharma,Pune,Computer Science,2025,76,85,65
5972,Rahul Mehta,Pune,Computer Science,2023,71,71,83
5973,Sneha Reddy,Chennai,Civil,2025,73,90,69
5974,Meera Iyer,Mumbai,Mechanical,2023,65,81,89
5975,Vishal Dubey,Indore,Civil,2025,63,77,86
5976,Sneha Reddy,Chennai,Mechanical,2023,68,71,68
5977,Meera Iyer,Indore,Civil,2023,79,78,84
5978,Priya Gupta,Bangalore,Electronics,2025,68,83,86
5979,Tanya Jain,Chennai,Computer Science,2025,82,87,86
5980,Arjun Singh,Chennai,Mechanical,2023,82,87,89
5981,Vishal Dubey,Delhi,Civil,2024,73,81,89
5982,Ananya Sharma,Ahmedabad,Computer Science,2023,82,87,75
5983,Meera Iyer,Pune,Civil,2023,77,91,84
5984,Rahul Mehta,Ahmedabad,Civil,2024,66,72,80
5985,Rahul Mehta,Ahmedabad,Electronics,2025,86,72,83
5986,Sneha Reddy,Ahmedabad,Electronics,2023,88,81,74
5987,Tanya Jain,Ahmedabad,Mechanical,2023,85,76,86
5988,Ananya Sharma,Pune,Information Tech,2025,74,71,86
5989,Karan Verma,Pune,Civil,2024,69,77,86
5990,Priya Gupta,Bangalore,Electronics,2023,76,80,83
5991,Priya Gupta,Chennai,Computer Science,2024,89,89,67
5992,Rahul Mehta,Indore,Mechanical,2025,68,83,68
5993,Tanya Jain,Jaipur,Mechanical,2025,63,89,73
5994,Tanya Jain,Delhi,Electronics,2024,68,79,86
5995,Vishal Dubey,Hyderabad,Information Tech,2025,69,76,81
5996,Ananya Sharma,Pune,Civil,2025,61,80,87
5997,Priya Gupta,Pune,Electrical,2023,79,93,83
5998,Meera Iyer,Indore,IT,2025,71,78,75
5999,Karan Verma,Ahmedabad,IT,2025,71,77,87
6000,Meera Iyer,Jaipur,Civil,2023,62,84,71
6001,Vishal Dubey,Mumbai,IT,2025,74,71,68
6002,Arjun Singh,Mumbai,Civil,2025,76,90,67
6003,Meera Iyer,Pune,Computer Science,2024,68,76,87
6004,Priya Gupta,Indore,Electrical,2023,68,73,72
6005,Sneha Reddy,Pune,Mechanical,2025,90,78,88
6006,Sneha Reddy,Mumbai,Information Tech,2025,82,70,73
6007,Ananya Sharma,Ahmedabad,Information Tech,2023,87,92,82
6008,Rahul Mehta,Jaipur,IT,2024,89,91,70
6009,Arjun Singh,Hyderabad,Information Tech,2025,81,88,65
6010,Karan Verma,Lucknow,Electronics,2023,84,86,88
6011,Meera Iyer,Delhi,Computer Science,2024,66,74,86
6012,Ravi Patel,Indore,Computer Science,2025,79,82,88
6013,Karan Verma,Ahmedabad,Information Tech,2025,71,72,73
6014,Meera Iyer,Chennai,Electrical,2023,61,76,73
6015,Sneha Reddy,Delhi,Information Tech,2024,77,87,70
6016,Tanya Jain,Indore,IT,2023,78,93,82
6017,Tanya Jain,Bangalore,Electrical,2023,86,94,85
6018,Meera Iyer,Ahmedabad,IT,2024,86,93,89
6019,Arjun Singh,Indore,Information Tech,2023,74,73,67
6020,Vishal Dubey,Lucknow,Electronics,2024,80,86,86
6021,Sneha Reddy,Ahmedabad,IT,2024,75,94,65
6022,Arjun Singh,Ahmedabad,Electronics,2025,74,89,89
6023,Vishal Dubey,Indore,Information Tech,2023,75,70,75
6024,Meera Iyer,Ahmedabad,Civil,2025,69,92,76
6025,Sneha Reddy,Indore,Civil,2024,75,70,87
6026,Ananya Sharma,Chennai,Mechanical,2025,80,75,75
6027,Meera Iyer,Pune,IT,2023,70,80,75
6028,Vishal Dubey,Indore,Electrical,2025,68,72,69
6029,Tanya Jain,Pune,Electrical,2024,68,89,66
6030,Meera Iyer,Lucknow,Electronics,2024,66,85,71
6031,Meera Iyer,Indore,Electronics,2024,78,93,66
6032,Ananya Sharma,Hyderabad,Civil,2023,65,84,67
6033,Priya Gupta,Ahmedabad,Mechanical,2025,66,91,71
6034,Karan Verma,Chennai,Mechanical,2024,77,93,72
6035,Tanya Jain,Jaipur,Mechanical,2025,70,86,79
6036,Meera Iyer,Mumbai,Electrical,2024,62,81,82
6037,Karan Verma,Jaipur,Civil,2023,64,90,82
6038,Priya Gupta,Pune,Electrical,2023,85,91,68
6039,Meera Iyer,Lucknow,Information Tech,2023,70,74,67
6040,Sneha Reddy,Indore,Civil,2025,79,81,74
6041,Vishal Dubey,Pune,Computer Science,2025,83,86,67
6042,Meera Iyer,Indore,Computer Science,2023,90,77,84
6043,Priya Gupta,Bangalore,Information Tech,2024,69,73,72
6044,Ravi Patel,Delhi,IT,2024,63,71,86
6045,Ravi Patel,Jaipur,Electrical,2024,66,76,82
6046,Tanya Jain,Lucknow,Mechanical,2023,63,83,89
6047,Karan Verma,Ahmedabad,Information Tech,2023,76,76,90
6048,Tanya Jain,Hyderabad,IT,2024,71,91,81
6049,Ananya Sharma,Ahmedabad,Civil,2024,76,77,67
6050,Vishal Dubey,Jaipur,Computer Science,2024,90,89,83
6051,Priya Gupta,Jaipur,Mechanical,2025,85,74,78
6052,Priya Gupta,Hyderabad,IT,2023,76,74,72
6053,Tanya Jain,Delhi,Electronics,2023,82,85,68
6054,Sneha Reddy,Delhi,Information Tech,2024,80,89,72
6055,Priya Gupta,Mumbai,Computer Science,2024,62,79,87
6056,Karan Verma,Ahmedabad,Computer Science,2024,74,79,86
6057,Ravi Patel,Jaipur,Civil,2024,79,75,73
6058,Sneha Reddy,Hyderabad,Electronics,2024,87,87,68
6059,Ravi Patel,Delhi,Electrical,2025,62,72,79
6060,Sneha Reddy,Hyderabad,Information Tech,2025,72,75,75
6061,Ravi Patel,Ahmedabad,IT,2023,66,78,73
6062,Sneha Reddy,Chennai,IT,2025,88,87,70
6063,Ravi Patel,Delhi,Civil,2025,83,73,70
6064,Rahul Mehta,Chennai,Computer Science,2025,71,82,76
6065,Sneha Reddy,Jaipur,Computer Science,2025,78,76,79
6066,Karan Verma,Indore,Electronics,2025,89,76,68
6067,Ananya Sharma,Chennai,Civil,2025,65,81,85
6068,Ravi Patel,Lucknow,Electrical,2024,67,86,68
6069,Arjun Singh,Indore,Information Tech,2025,73,89,87
6070,Meera Iyer,Hyderabad,Civil,2025,61,82,68
6071,Priya Gupta,Lucknow,Civil,2023,74,87,78
6072,Priya Gupta,Lucknow,Electronics,2024,90,82,86
6073,Meera Iyer,Hyderabad,Mechanical,2025,87,92,68
6074,Rahul Mehta,Bangalore,Mechanical,2023,68,77,88
6075,Arjun Singh,Lucknow,Mechanical,2025,89,73,76
6076,Sneha Reddy,Mumbai,Information Tech,2025,68,81,68
6077,Arjun Singh,Ahmedabad,IT,2025,86,81,66
6078,Arjun Singh,Chennai,Electrical,2023,63,77,71
6079,Tanya Jain,Chennai,Mechanical,2025,84,84,76
6080,Karan Verma,Chennai,Electronics,2024,70,75,90
6081,Rahul Mehta,Ahmedabad,IT,2025,63,85,87
6082,Vishal Dubey,Indore,Electrical,2024,76,90,73
6083,Vishal Dubey,Mumbai,Computer Science,2023,75,71,81
6084,Vishal Dubey,Jaipur,Electronics,2025,62,74,78
6085,Vishal Dubey,Jaipur,Electrical,2023,75,85,84
6086,Priya Gupta,Delhi,Computer Science,2025,70,84,69
6087,Priya Gupta,Lucknow,Computer Science,2024,82,81,80
6088,Tanya Jain,Lucknow,Electrical,2025,64,76,81
6089,Karan Verma,Indore,Electrical,2024,86,71,69
6090,Ravi Patel,Pune,Computer Science,2025,65,86,83
6091,Ananya Sharma,Lucknow,IT,2023,79,86,86
6092,Ravi Patel,Lucknow,IT,2023,60,95,68
6093,Arjun Singh,Pune,IT,2023,87,81,67
6094,Arjun Singh,Delhi,Mechanical,2025,61,80,87
6095,Meera Iyer,Indore,IT,2024,77,82,73
6096,Vishal Dubey,Pune,Mechanical,2024,64,80,69
6097,Sneha Reddy,Hyderabad,Electrical,2023,62,72,88
6098,Tanya Jain,Mumbai,Civil,2025,83,78,81
6099,Tanya Jain,Hyderabad,Civil,2024,86,83,81
6100,Priya Gupta,Delhi,Electronics,2025,73,72,82
6101,Karan Verma,Chennai,IT,2024,83,92,68
6102,Ravi Patel,Hyderabad,Electrical,2023,61,88,72
6103,Meera Iyer,Pune,Mechanical,2025,61,72,78
6104,Sneha Reddy,Pune,Electronics,2025,86,93,72
6105,Karan Verma,Mumbai,Electronics,2023,70,78,82
6106,Vishal Dubey,Bangalore,Mechanical,2023,80,85,70
6107,Rahul Mehta,Hyderabad,Mechanical,2025,79,94,79
6108,Tanya Jain,Ahmedabad,Electrical,2025,63,77,90
6109,Rahul Mehta,Bangalore,Electronics,2025,76,73,66
6110,Sneha Reddy,Indore,Computer Science,2023,83,78,90
6111,Tanya Jain,Bangalore,Electronics,2024,74,76,88
6112,Ravi Patel,Delhi,Mechanical,2025,64,85,81
6113,Arjun Singh,Bangalore,IT,2025,82,72,88
6114,Tanya Jain,Pune,Information Tech,2023,66,95,78
6115,Karan Verma,Chennai,IT,2023,64,90,78
6116,Ananya Sharma,Pune,Computer Science,2023,72,71,89
6117,Ravi Patel,Jaipur,Computer Science,2025,69,90,86
6118,Ananya Sharma,Ahmedabad,Mechanical,2024,70,70,75
6119,Ananya Sharma,Mumbai,IT,2025,88,80,74
6120,Ananya Sharma,Indore,Mechanical,2025,63,81,74
6121,Priya Gupta,Ahmedabad,Electrical,2025,86,83,70
6122,Priya Gupta,Chennai,Computer Science,2023,68,83,87
6123,Arjun Singh,Ahmedabad,IT,2025,61,78,80
6124,Ravi Patel,Delhi,IT,2025,70,89,79
6125,Meera Iyer,Chennai,IT,2023,66,78,71
6126,Vishal Dubey,Ahmedabad,Electrical,2024,79,83,80
6127,Ravi Patel,Mumbai,Electronics,2025,72,90,72
6128,Ananya Sharma,Mumbai,Civil,2023,80,74,77
6129,Tanya Jain,Ahmedabad,Civil,2024,80,77,72
6130,Rahul Mehta,Jaipur,IT,2025,88,90,87
6131,Priya Gupta,Hyderabad,Electronics,2024,78,77,74
6132,Karan Verma,Mumbai,IT,2024,67,74,80
6133,Rahul Mehta,Hyderabad,Electrical,2025,83,90,78
6134,Tanya Jain,Hyderabad,Computer Science,2025,90,90,67
6135,Priya Gupta,Jaipur,IT,2023,88,77,78
6136,Sneha Reddy,Indore,Computer Science,2024,87,93,74
6137,Arjun Singh,Mumbai,Civil,2025,62,85,80
6138,Vishal Dubey,Ahmedabad,Computer Science,2023,70,85,83
6139,Rahul Mehta,Bangalore,Information Tech,2023,66,74,73
6140,Arjun Singh,Ahmedabad,Civil,2025,71,79,82
6141,Meera Iyer,Indore,Mechanical,2025,85,81,84
6142,Ananya Sharma,Ahmedabad,Information Tech,2024,78,90,83
6143,Arjun Singh,Bangalore,Electronics,2024,70,87,83
6144,Vishal Dubey,Lucknow,IT,2024,70,85,66
6145,Meera Iyer,Lucknow,Electronics,2025,61,91,76
6146,Arjun Singh,Chennai,Computer Science,2024,75,78,84
6147,Rahul Mehta,Hyderabad,Civil,2024,88,78,72
6148,Vishal Dubey,Ahmedabad,IT,2024,60,83,81
6149,Ravi Patel,Jaipur,Mechanical,2024,81,83,84
6150,Ananya Sharma,Hyderabad,Electrical,2023,61,91,78
6151,Meera Iyer,Hyderabad,Electronics,2023,79,84,80
6152,Priya Gupta,Bangalore,Electrical,2025,71,85,84
6153,Ravi Patel,Chennai,Information Tech,2024,66,79,88
6154,Karan Verma,Bangalore,Civil,2024,81,93,79
6155,Rahul Mehta,Ahmedabad,IT,2024,61,78,80
6156,Priya Gupta,Ahmedabad,IT,2025,85,88,81
6157,Tanya Jain,Jaipur,IT,2024,70,85,89
6158,Karan Verma,Hyderabad,IT,2025,87,75,75
6159,Priya Gupta,Chennai,Electrical,2025,85,81,79
6160,Vishal Dubey,Mumbai,IT,2025,89,86,66
6161,Tanya Jain,Chennai,IT,2025,78,91,74
6162,Sneha Reddy,Lucknow,Civil,2024,81,76,75
6163,Karan Verma,Jaipur,Computer Science,2025,83,90,79
6164,Ravi Patel,Bangalore,Information Tech,2023,77,95,75
6165,Rahul Mehta,Bangalore,Mechanical,2025,62,81,78
6166,Arjun Singh,Indore,Computer Science,2025,80,95,75
6167,Karan Verma,Chennai,Electronics,2025,90,79,87
6168,Ravi Patel,Hyderabad,Electrical,2024,86,75,71
6169,Ananya Sharma,Indore,Electronics,2025,68,91,90
6170,Ravi Patel,Ahmedabad,IT,2024,89,77,76
6171,Rahul Mehta,Jaipur,Information Tech,2023,69,74,67
6172,Karan Verma,Lucknow,Electronics,2023,60,93,86
6173,Ravi Patel,Ahmedabad,Electronics,2025,61,82,82
6174,Priya Gupta,Chennai,Mechanical,2024,82,91,69
6175,Ravi Patel,Jaipur,Mechanical,2025,61,89,79
6176,Ananya Sharma,Pune,Electrical,2023,74,76,65
6177,Ravi Patel,Delhi,Computer Science,2023,88,87,81
6178,Tanya Jain,Lucknow,Information Tech,2023,69,80,77
6179,Rahul Mehta,Hyderabad,IT,2024,70,81,76
6180,Ravi Patel,Jaipur,Electronics,2023,89,92,70
6181,Tanya Jain,Chennai,IT,2024,71,75,68
6182,Karan Verma,Lucknow,IT,2023,84,88,73
6183,Meera Iyer,Lucknow,Electrical,2025,87,92,77
6184,Sneha Reddy,Bangalore,Civil,2025,72,80,79
6185,Rahul Mehta,Lucknow,Civil,2025,73,76,80
6186,Karan Verma,Indore,Electrical,2023,79,72,68
6187,Ravi Patel,Pune,Electrical,2024,61,82,65
6188,Rahul Mehta,Pune,IT,2023,64,86,82
6189,Sneha Reddy,Indore,Mechanical,2024,68,80,68
6190,Tanya Jain,Pune,IT,2025,87,77,82
6191,Tanya Jain,Indore,Electronics,2024,65,89,70
6192,Priya Gupta,Indore,Electrical,2025,87,86,86
6193,Ananya Sharma,Hyderabad,Electronics,2025,90,85,82
6194,Karan Verma,Chennai,Mechanical,2023,89,86,85
6195,Meera Iyer,Hyderabad,Electronics,2025,89,89,79
6196,Tanya Jain,Indore,Civil,2023,62,72,78
6197,Ananya Sharma,Delhi,Mechanical,2023,71,88,87
6198,Arjun Singh,Mumbai,Mechanical,2025,81,70,90
6199,Ravi Patel,Lucknow,IT,2025,71,88,90
6200,Arjun Singh,Jaipur,Information Tech,2025,65,78,82
6201,Sneha Reddy,Lucknow,Computer Science,2023,86,84,82
6202,Priya Gupta,Mumbai,IT,2024,84,74,76
6203,Rahul Mehta,Delhi,Computer Science,2025,80,87,70
6204,Ananya Sharma,Ahmedabad,Mechanical,2025,89,71,68
6205,Rahul Mehta,Chennai,Mechanical,2023,71,74,77
6206,Priya Gupta,Jaipur,Civil,2024,83,79,88
6207,Priya Gupta,Ahmedabad,IT,2023,76,81,73
6208,Sneha Reddy,Lucknow,Computer Science,2025,62,86,78
6209,Vishal Dubey,Chennai,IT,2023,73,75,68
6210,Arjun Singh,Chennai,IT,2023,80,90,66
6211,Priya Gupta,Hyderabad,IT,2024,89,77,72
6212,Tanya Jain,Delhi,Mechanical,2024,77,77,82
6213,Ravi Patel,Pune,Electronics,2023,63,83,66
6214,Vishal Dubey,Jaipur,Civil,2024,65,80,81
6215,Ravi Patel,Hyderabad,IT,2024,75,74,72
6216,Karan Verma,Jaipur,IT,2024,64,88,68
6217,Ravi Patel,Pune,Information Tech,2023,86,91,75
6218,Arjun Singh,Indore,Information Tech,2024,63,81,66
6219,Sneha Reddy,Mumbai,Mechanical,2024,66,71,70
6220,Rahul Mehta,Ahmedabad,Electrical,2023,73,73,66
6221,Arjun Singh,Jaipur,IT,2024,88,82,83
6222,Ananya Sharma,Pune,Electronics,2024,76,83,79
6223,Vishal Dubey,Lucknow,IT,2025,90,78,74
6224,Karan Verma,Lucknow,Computer Science,2024,63,95,85
6225,Rahul Mehta,Mumbai,Computer Science,2024,70,90,89
6226,Ravi Patel,Pune,Information Tech,2023,89,80,69
6227,Rahul Mehta,Delhi,Computer Science,2023,72,91,84
6228,Arjun Singh,Pune,Information Tech,2024,82,75,71
6229,Ravi Patel,Chennai,Electrical,2025,89,79,67
6230,Arjun Singh,Delhi,Civil,2024,86,95,67
6231,Karan Verma,Ahmedabad,IT,2024,84,73,80
6232,Ravi Patel,Jaipur,Electrical,2023,90,75,83
6233,Rahul Mehta,Pune,Computer Science,2024,78,92,85
6234,Sneha Reddy,Lucknow,Computer Science,2025,75,84,68
6235,Ravi Patel,Pune,Civil,2023,74,93,67
6236,Tanya Jain,Hyderabad,Computer Science,2023,86,88,78
6237,Karan Verma,Delhi,Civil,2025,65,89,69
6238,Rahul Mehta,Pune,Civil,2025,76,70,87
6239,Karan Verma,Indore,IT,2024,65,72,66
6240,Ravi Patel,Hyderabad,Information Tech,2024,87,90,89
6241,Tanya Jain,Bangalore,Electronics,2024,66,90,90
6242,Meera Iyer,Lucknow,Electronics,2024,79,78,83
6243,Ananya Sharma,Indore,Information Tech,2023,74,84,67
6244,Priya Gupta,Delhi,Civil,2024,76,73,78
6245,Ananya Sharma,Bangalore,Civil,2024,70,88,79
6246,Rahul Mehta,Pune,Civil,2023,88,74,75
6247,Karan Verma,Lucknow,Mechanical,2024,90,74,87
6248,Sneha Reddy,Hyderabad,Mechanical,2024,64,94,83
6249,Meera Iyer,Indore,Electrical,2025,80,77,80
6250,Tanya Jain,Bangalore,Mechanical,2024,84,72,87
6251,Ravi Patel,Ahmedabad,IT,2025,80,85,69
6252,Tanya Jain,Ahmedabad,Electronics,2023,66,71,67
6253,Meera Iyer,Indore,Electrical,2023,64,74,68
6254,Vishal Dubey,Jaipur,Mechanical,2023,70,79,81
6255,Vishal Dubey,Mumbai,Electrical,2024,64,85,78
6256,Vishal Dubey,Indore,Mechanical,2023,82,74,78
6257,Ananya Sharma,Bangalore,Civil,2023,74,82,75
6258,Ananya Sharma,Hyderabad,IT,2025,65,73,76
6259,Priya Gupta,Jaipur,Electrical,2023,69,70,86
6260,Rahul Mehta,Ahmedabad,Civil,2025,84,73,68
6261,Sneha Reddy,Hyderabad,Electrical,2025,87,87,79
6262,Vishal Dubey,Lucknow,Information Tech,2024,85,80,73
6263,Ravi Patel,Hyderabad,IT,2023,89,81,67
6264,Vishal Dubey,Indore,Electronics,2024,87,94,89
6265,Karan Verma,Indore,Mechanical,2023,76,74,89
6266,Rahul Mehta,Ahmedabad,Mechanical,2025,88,83,79
6267,Arjun Singh,Hyderabad,Mechanical,2025,78,75,67
6268,Meera Iyer,Lucknow,Civil,2023,67,76,71
6269,Karan Verma,Indore,Civil,2025,83,92,73
6270,Karan Verma,Indore,Civil,2023,87,71,76
6271,Sneha Reddy,Hyderabad,Electrical,2024,86,94,71
6272,Rahul Mehta,Delhi,Mechanical,2023,83,81,75
6273,Ananya Sharma,Mumbai,Electronics,2025,76,85,76
6274,Vishal Dubey,Lucknow,Electrical,2023,69,75,77
6275,Ananya Sharma,Hyderabad,IT,2025,64,73,71
6276,Ravi Patel,Mumbai,Electronics,2024,87,77,82
6277,Sneha Reddy,Lucknow,Electrical,2023,82,71,75
6278,Meera Iyer,Ahmedabad,Computer Science,2025,82,71,71
6279,Meera Iyer,Bangalore,IT,2024,79,92,83
6280,Meera Iyer,Mumbai,Information Tech,2024,88,85,84
6281,Priya Gupta,Ahmedabad,Information Tech,2023,79,78,83
6282,Meera Iyer,Bangalore,Electrical,2024,81,77,78
6283,Rahul Mehta,Ahmedabad,Civil,2024,83,88,76
6284,Ravi Patel,Pune,Computer Science,2023,75,89,66
6285,Tanya Jain,Lucknow,IT,2025,76,89,67
6286,Priya Gupta,Mumbai,Mechanical,2025,86,78,83
6287,Priya Gupta,Hyderabad,Computer Science,2025,73,83,66
6288,Sneha Reddy,Jaipur,Civil,2025,65,89,76
6289,Ravi Patel,Delhi,Electronics,2024,72,79,83
6290,Tanya Jain,Indore,Electrical,2023,67,82,81
6291,Meera Iyer,Hyderabad,IT,2024,82,91,73
6292,Karan Verma,Delhi,Civil,2023,85,78,87
6293,Sneha Reddy,Pune,Mechanical,2023,84,74,67
6294,Ananya Sharma,Bangalore,Civil,2025,67,83,82
6295,Tanya Jain,Pune,Mechanical,2024,80,95,80
6296,Ananya Sharma,Bangalore,Electrical,2024,84,92,79
6297,Priya Gupta,Delhi,IT,2023,63,84,73
6298,Meera Iyer,Mumbai,Electrical,2023,69,77,66
6299,Meera Iyer,Indore,Information Tech,2023,77,93,75
6300,Rahul Mehta,Chennai,Electrical,2024,85,75,84
6301,Ravi Patel,Indore,Computer Science,2023,87,79,85
6302,Ananya Sharma,Hyderabad,Electronics,2025,79,73,73
6303,Sneha Reddy,Chennai,IT,2025,83,82,66
6304,Karan Verma,Mumbai,Information Tech,2024,88,80,69
6305,Vishal Dubey,Ahmedabad,IT,2024,83,85,80
6306,Tanya Jain,Indore,Electrical,2024,85,78,71
6307,Vishal Dubey,Bangalore,Mechanical,2023,73,77,72
6308,Meera Iyer,Indore,Mechanical,2024,78,72,84
6309,Sneha Reddy,Ahmedabad,Civil,2023,79,93,89
6310,Priya Gupta,Hyderabad,Electrical,2023,81,89,66
6311,Karan Verma,Lucknow,Electronics,2023,75,76,78
6312,Priya Gupta,Indore,Electronics,2024,87,87,74
6313,Ananya Sharma,Hyderabad,Computer Science,2024,78,92,85
6314,Priya Gupta,Pune,Information Tech,2024,88,75,76
6315,Tanya Jain,Jaipur,Electrical,2025,61,88,82
6316,Rahul Mehta,Delhi,Information Tech,2024,79,70,74
6317,Karan Verma,Jaipur,Civil,2023,83,74,70
6318,Meera Iyer,Ahmedabad,Computer Science,2023,65,94,73
6319,Sneha Reddy,Hyderabad,Computer Science,2024,63,84,73
6320,Ravi Patel,Delhi,Information Tech,2024,63,85,66
6321,Arjun Singh,Bangalore,Electrical,2024,76,82,69
6322,Priya Gupta,Lucknow,Information Tech,2023,69,89,77
6323,Ananya Sharma,Hyderabad,Electrical,2025,79,90,73
6324,Vishal Dubey,Lucknow,Information Tech,2024,60,77,69
6325,Karan Verma,Pune,IT,2023,65,94,88
6326,Ananya Sharma,Lucknow,Information Tech,2024,84,90,89
6327,Karan Verma,Indore,Civil,2025,67,85,74
6328,Sneha Reddy,Pune,Electrical,2025,85,83,72
6329,Ravi Patel,Bangalore,IT,2025,86,76,66
6330,Arjun Singh,Mumbai,Electronics,2025,67,78,85
6331,Sneha Reddy,Ahmedabad,IT,2023,60,74,72
6332,Sneha Reddy,Pune,Civil,2025,84,82,80
6333,Arjun Singh,Jaipur,Computer Science,2025,87,75,78
6334,Arjun Singh,Ahmedabad,IT,2025,63,76,71
6335,Ananya Sharma,Delhi,Electrical,2024,87,88,65
6336,Sneha Reddy,Bangalore,Computer Science,2024,80,72,90
6337,Sneha Reddy,Hyderabad,Electrical,2024,71,81,89
6338,Priya Gupta,Indore,Information Tech,2023,82,79,75
6339,Meera Iyer,Indore,Electrical,2025,70,86,88
6340,Vishal Dubey,Ahmedabad,Information Tech,2025,67,77,79
6341,Karan Verma,Lucknow,IT,2023,62,79,69
6342,Ananya Sharma,Lucknow,Electronics,2025,73,76,85
6343,Priya Gupta,Chennai,Electronics,2025,77,87,75
6344,Sneha Reddy,Mumbai,Computer Science,2025,70,91,89
6345,Tanya Jain,Mumbai,Information Tech,2024,87,93,81
6346,Meera Iyer,Jaipur,Information Tech,2024,65,83,84
6347,Meera Iyer,Bangalore,Electrical,2023,75,79,87
6348,Tanya Jain,Ahmedabad,Electronics,2023,76,83,80
6349,Priya Gupta,Hyderabad,IT,2024,75,94,79
6350,Vishal Dubey,Ahmedabad,IT,2025,61,91,83
6351,Arjun Singh,Indore,Computer Science,2024,62,89,75
6352,Tanya Jain,Lucknow,Mechanical,2023,67,87,81
6353,Karan Verma,Ahmedabad,IT,2023,64,78,89
6354,Sneha Reddy,Ahmedabad,Electronics,2023,83,71,85
6355,Meera Iyer,Pune,Civil,2025,77,90,72
6356,Arjun Singh,Hyderabad,Mechanical,2023,68,74,74
6357,Arjun Singh,Ahmedabad,Information Tech,2024,83,90,84
6358,Vishal Dubey,Indore,Electronics,2024,71,88,68
6359,Rahul Mehta,Mumbai,Electronics,2023,89,74,78
6360,Ravi Patel,Lucknow,Computer Science,2024,81,93,74
6361,Meera Iyer,Indore,IT,2024,74,95,87
6362,Tanya Jain,Hyderabad,Electrical,2024,82,93,71
6363,Meera Iyer,Pune,IT,2023,87,89,67
6364,Rahul Mehta,Bangalore,Information Tech,2023,89,85,66
6365,Meera Iyer,Indore,IT,2025,80,88,76
6366,Priya Gupta,Hyderabad,Mechanical,2025,63,71,70
6367,Rahul Mehta,Delhi,Electrical,2023,63,82,86
6368,Rahul Mehta,Jaipur,Computer Science,2023,78,88,72
6369,Karan Verma,Mumbai,Electronics,2023,86,78,88
6370,Priya Gupta,Pune,Civil,2024,77,90,72
6371,Arjun Singh,Bangalore,Electrical,2024,67,88,86
6372,Meera Iyer,Hyderabad,Information Tech,2024,85,84,70
6373,Karan Verma,Delhi,Mechanical,2023,84,91,76
6374,Vishal Dubey,Pune,IT,2024,62,92,79
6375,Karan Verma,Ahmedabad,IT,2024,74,85,88
6376,Rahul Mehta,Jaipur,Mechanical,2023,64,72,81
6377,Arjun Singh,Bangalore,Electrical,2023,85,94,79
6378,Ravi Patel,Chennai,Electrical,2023,90,94,68
6379,Karan Verma,Mumbai,Information Tech,2024,69,95,68
6380,Vishal Dubey,Bangalore,Electrical,2024,74,72,66
6381,Priya Gupta,Indore,Computer Science,2025,63,81,77
6382,Vishal Dubey,Ahmedabad,Civil,2024,84,71,83
6383,Tanya Jain,Hyderabad,Electrical,2025,66,91,83
6384,Priya Gupta,Lucknow,Electrical,2023,73,91,77
6385,Rahul Mehta,Pune,Mechanical,2024,75,81,79
6386,Tanya Jain,Jaipur,Information Tech,2023,69,86,84
6387,Ananya Sharma,Jaipur,Civil,2025,86,80,81
6388,Sneha Reddy,Ahmedabad,Information Tech,2024,77,92,87
6389,Ananya Sharma,Chennai,Electronics,2025,81,75,65
6390,Sneha Reddy,Delhi,Information Tech,2025,66,71,80
6391,Tanya Jain,Indore,Information Tech,2025,67,90,89
6392,Arjun Singh,Hyderabad,IT,2023,74,81,68
6393,Sneha Reddy,Bangalore,Computer Science,2023,80,73,85
6394,Arjun Singh,Mumbai,IT,2025,74,81,83
6395,Tanya Jain,Ahmedabad,Information Tech,2024,63,81,73
6396,Tanya Jain,Mumbai,Mechanical,2025,72,79,82
6397,Tanya Jain,Delhi,Electrical,2024,64,80,78
6398,Ananya Sharma,Mumbai,Mechanical,2025,75,72,79
6399,Tanya Jain,Mumbai,IT,2024,75,91,77
6400,Meera Iyer,Ahmedabad,Electronics,2024,69,91,86
6401,Ravi Patel,Chennai,Computer Science,2024,90,88,72
6402,Rahul Mehta,Hyderabad,IT,2025,71,88,81
6403,Rahul Mehta,Indore,IT,2023,88,80,87
6404,Meera Iyer,Mumbai,Mechanical,2024,88,78,70
6405,Ravi Patel,Jaipur,Civil,2025,65,93,76
6406,Arjun Singh,Lucknow,Mechanical,2023,68,83,88
6407,Meera Iyer,Indore,Mechanical,2024,87,80,78
6408,Priya Gupta,Bangalore,Civil,2025,74,72,74
6409,Karan Verma,Mumbai,Computer Science,2024,63,85,89
6410,Meera Iyer,Delhi,Electrical,2023,65,88,80
6411,Arjun Singh,Jaipur,Information Tech,2024,71,83,89
6412,Ananya Sharma,Hyderabad,Mechanical,2025,63,81,87
6413,Ananya Sharma,Bangalore,Mechanical,2024,90,94,77
6414,Vishal Dubey,Indore,IT,2024,79,84,68
6415,Priya Gupta,Indore,Civil,2025,64,93,80
6416,Karan Verma,Hyderabad,Computer Science,2023,87,73,74
6417,Karan Verma,Ahmedabad,Electronics,2024,61,79,88
6418,Sneha Reddy,Jaipur,Information Tech,2024,70,84,87
6419,Vishal Dubey,Lucknow,Civil,2024,70,77,81
6420,Sneha Reddy,Pune,Information Tech,2024,73,78,65
6421,Tanya Jain,Ahmedabad,Electrical,2024,71,79,84
6422,Arjun Singh,Delhi,Civil,2025,80,73,70
6423,Ravi Patel,Ahmedabad,Electronics,2023,81,78,88
6424,Vishal Dubey,Chennai,Mechanical,2025,64,88,84
6425,Rahul Mehta,Indore,Electrical,2024,75,85,68
6426,Sneha Reddy,Ahmedabad,Information Tech,2025,69,72,80
6427,Tanya Jain,Ahmedabad,Civil,2025,70,74,72
6428,Tanya Jain,Pune,IT,2023,86,91,81
6429,Vishal Dubey,Ahmedabad,IT,2024,88,83,66
6430,Tanya Jain,Chennai,IT,2025,67,82,84
6431,Meera Iyer,Pune,Mechanical,2025,61,73,79
6432,Meera Iyer,Delhi,Information Tech,2023,63,93,86
6433,Ananya Sharma,Jaipur,Civil,2023,63,75,88
6434,Sneha Reddy,Bangalore,Civil,2024,89,71,73
6435,Tanya Jain,Bangalore,Electronics,2024,86,72,80
6436,Sneha Reddy,Ahmedabad,Electrical,2025,61,75,83
6437,Tanya Jain,Chennai,Computer Science,2024,73,82,70
6438,Ananya Sharma,Chennai,Mechanical,2023,71,83,84
6439,Priya Gupta,Jaipur,Electronics,2024,77,95,68
6440,Rahul Mehta,Indore,Computer Science,2024,90,78,90
6441,Priya Gupta,Pune,Electrical,2023,67,78,82
6442,Ravi Patel,Mumbai,Civil,2025,84,88,66
6443,Priya Gupta,Jaipur,Information Tech,2023,78,71,84
6444,Sneha Reddy,Mumbai,Civil,2024,86,88,66
6445,Sneha Reddy,Lucknow,IT,2024,72,75,72
6446,Ravi Patel,Lucknow,Computer Science,2024,89,78,87
6447,Sneha Reddy,Pune,Electronics,2023,68,72,87
6448,Ravi Patel,Pune,Civil,2023,61,80,67
6449,Priya Gupta,Mumbai,Electrical,2023,65,84,80
6450,Priya Gupta,Delhi,Mechanical,2025,63,82,73
6451,Vishal Dubey,Bangalore,Electronics,2025,88,77,80
6452,Vishal Dubey,Lucknow,Civil,2023,61,85,72
6453,Ananya Sharma,Jaipur,IT,2025,65,79,76
6454,Karan Verma,Bangalore,Electrical,2024,70,81,69
6455,Meera Iyer,Hyderabad,Information Tech,2024,75,76,82
6456,Tanya Jain,Delhi,Civil,2025,78,94,77
6457,Vishal Dubey,Jaipur,Mechanical,2024,62,84,79
6458,Ravi Patel,Jaipur,Electrical,2024,62,74,85
6459,Ravi Patel,Chennai,Electrical,2025,75,74,86
6460,Arjun Singh,Hyderabad,Mechanical,2025,66,79,81
6461,Arjun Singh,Hyderabad,Civil,2024,63,85,82
6462,Vishal Dubey,Indore,Mechanical,2023,76,91,74
6463,Karan Verma,Mumbai,Civil,2025,73,94,75
6464,Vishal Dubey,Hyderabad,Mechanical,2024,61,80,73
6465,Meera Iyer,Bangalore,Electronics,2023,64,91,71
6466,Sneha Reddy,Chennai,Electrical,2025,88,94,75
6467,Priya Gupta,Indore,Electrical,2025,84,73,70
6468,Ananya Sharma,Hyderabad,Civil,2025,83,93,86
6469,Priya Gupta,Chennai,IT,2024,77,75,69
6470,Vishal Dubey,Delhi,IT,2025,78,76,87
6471,Meera Iyer,Pune,Electrical,2024,72,72,82
6472,Ravi Patel,Hyderabad,Mechanical,2023,88,93,82
6473,Karan Verma,Delhi,Electrical,2024,70,76,70
6474,Arjun Singh,Pune,IT,2025,81,86,75
6475,Meera Iyer,Delhi,Information Tech,2024,77,89,81
6476,Ravi Patel,Lucknow,Electronics,2023,85,72,87
6477,Priya Gupta,Ahmedabad,Mechanical,2025,85,88,86
6478,Karan Verma,Hyderabad,Mechanical,2025,62,74,79
6479,Meera Iyer,Delhi,Electrical,2025,89,89,77
6480,Meera Iyer,Hyderabad,IT,2024,69,86,71
6481,Ananya Sharma,Indore,Information Tech,2025,73,74,74
6482,Karan Verma,Mumbai,Electrical,2023,70,82,68
6483,Karan Verma,Pune,Electrical,2025,86,78,66
6484,Arjun Singh,Pune,IT,2024,64,93,85
6485,Karan Verma,Lucknow,Civil,2025,83,91,89
6486,Sneha Reddy,Chennai,Civil,2024,73,89,72
6487,Rahul Mehta,Jaipur,Electrical,2023,61,73,83
6488,Priya Gupta,Delhi,Electrical,2025,68,75,88
6489,Meera Iyer,Mumbai,Information Tech,2023,74,74,68
6490,Priya Gupta,Pune,Electronics,2025,69,80,79
6491,Tanya Jain,Bangalore,Information Tech,2025,77,76,72
6492,Meera Iyer,Lucknow,Mechanical,2023,81,84,84
6493,Rahul Mehta,Bangalore,Computer Science,2023,64,73,86
6494,Ananya Sharma,Indore,IT,2024,73,76,78
6495,Priya Gupta,Chennai,Electrical,2024,67,78,84
6496,Ravi Patel,Delhi,Computer Science,2024,66,83,71
6497,Tanya Jain,Delhi,Civil,2024,73,85,86
6498,Karan Verma,Chennai,Information Tech,2023,84,89,75
6499,Sneha Reddy,Delhi,Electrical,2025,77,91,83
6500,Ananya Sharma,Mumbai,Civil,2023,71,90,66
6501,Karan Verma,Ahmedabad,Civil,2024,81,88,74
6502,Arjun Singh,Ahmedabad,Electrical,2025,84,94,79
6503,Meera Iyer,Pune,IT,2023,64,71,72
6504,Rahul Mehta,Lucknow,Mechanical,2023,83,84,89
6505,Rahul Mehta,Hyderabad,Computer Science,2025,78,82,73
6506,Ananya Sharma,Mumbai,Electrical,2025,66,77,75
6507,Ananya Sharma,Bangalore,Information Tech,2025,83,70,78
6508,Ravi Patel,Delhi,Mechanical,2025,83,82,81
6509,Priya Gupta,Delhi,Mechanical,2024,68,71,88
6510,Karan Verma,Ahmedabad,Civil,2024,67,85,73
6511,Priya Gupta,Bangalore,Information Tech,2025,72,88,80
6512,Tanya Jain,Pune,Mechanical,2023,90,81,66
6513,Sneha Reddy,Mumbai,Computer Science,2023,65,83,77
6514,Karan Verma,Lucknow,Electronics,2023,72,79,74
6515,Rahul Mehta,Ahmedabad,Mechanical,2025,87,75,89
6516,Karan Verma,Lucknow,Mechanical,2024,72,71,83
6517,Ravi Patel,Jaipur,Civil,2025,75,77,89
6518,Meera Iyer,Indore,Civil,2023,82,91,87
6519,Tanya Jain,Jaipur,Electronics,2023,68,92,86
6520,Rahul Mehta,Jaipur,Computer Science,2025,62,72,67
6521,Karan Verma,Hyderabad,Civil,2023,77,89,75
6522,Arjun Singh,Jaipur,Information Tech,2024,66,81,69
6523,Rahul Mehta,Ahmedabad,Electronics,2024,73,80,68
6524,Ravi Patel,Jaipur,IT,2024,71,84,72
6525,Ravi Patel,Ahmedabad,Computer Science,2024,84,84,87
6526,Rahul Mehta,Bangalore,Computer Science,2024,77,70,89
6527,Vishal Dubey,Mumbai,IT,2024,70,78,74
6528,Tanya Jain,Indore,Civil,2025,89,74,90
6529,Tanya Jain,Jaipur,IT,2025,77,78,72
6530,Arjun Singh,Bangalore,Information Tech,2023,80,90,89
6531,Priya Gupta,Hyderabad,Information Tech,2023,64,71,72
6532,Priya Gupta,Bangalore,Information Tech,2024,86,80,86
6533,Arjun Singh,Chennai,Computer Science,2023,72,89,85
6534,Karan Verma,Delhi,Information Tech,2025,82,84,77
6535,Ananya Sharma,Hyderabad,Mechanical,2025,86,70,88
6536,Meera Iyer,Hyderabad,Mechanical,2024,70,84,87
6537,Arjun Singh,Hyderabad,Civil,2023,69,89,69
6538,Rahul Mehta,Jaipur,Electrical,2024,68,71,73
6539,Rahul Mehta,Ahmedabad,Civil,2023,65,80,74
6540,Karan Verma,Indore,Electronics,2025,89,81,69
6541,Rahul Mehta,Delhi,Mechanical,2024,63,73,86
6542,Meera Iyer,Pune,Information Tech,2025,69,90,74
6543,Tanya Jain,Chennai,Electronics,2024,71,86,81
6544,Ravi Patel,Hyderabad,Information Tech,2023,78,85,86
6545,Ravi Patel,Jaipur,Computer Science,2025,86,80,70
6546,Vishal Dubey,Chennai,Electronics,2023,77,87,87
6547,Meera Iyer,Delhi,Information Tech,2023,71,73,84
6548,Ravi Patel,Pune,Computer Science,2023,62,78,79
6549,Karan Verma,Chennai,Electronics,2024,65,82,67
6550,Karan Verma,Pune,Mechanical,2024,85,78,72
6551,Rahul Mehta,Mumbai,Mechanical,2025,82,92,85
6552,Sneha Reddy,Pune,Information Tech,2024,67,90,84
6553,Vishal Dubey,Lucknow,Electrical,2025,88,84,87
6554,Tanya Jain,Mumbai,Civil,2025,64,90,83
6555,Meera Iyer,Indore,Electrical,2023,88,77,88
6556,Vishal Dubey,Pune,Mechanical,2023,80,88,69
6557,Arjun Singh,Pune,Mechanical,2023,71,83,86
6558,Meera Iyer,Pune,IT,2024,89,92,67
6559,Tanya Jain,Mumbai,Electronics,2025,78,79,78
6560,Rahul Mehta,Delhi,Electronics,2023,75,85,77
6561,Arjun Singh,Pune,IT,2025,75,93,78
6562,Meera Iyer,Lucknow,Electrical,2025,81,90,66
6563,Priya Gupta,Delhi,Mechanical,2024,78,86,66
6564,Karan Verma,Hyderabad,Mechanical,2025,81,94,67
6565,Ravi Patel,Mumbai,Computer Science,2025,82,72,89
6566,Meera Iyer,Lucknow,Computer Science,2025,61,94,72
6567,Rahul Mehta,Ahmedabad,Mechanical,2025,80,91,73
6568,Arjun Singh,Bangalore,Computer Science,2023,68,88,76
6569,Ananya Sharma,Hyderabad,Information Tech,2025,81,85,80
6570,Priya Gupta,Jaipur,Information Tech,2023,65,73,67
6571,Meera Iyer,Bangalore,Mechanical,2024,68,88,88
6572,Meera Iyer,Hyderabad,IT,2024,75,73,89
6573,Karan Verma,Indore,Electrical,2024,68,76,67
6574,Arjun Singh,Lucknow,Electrical,2024,76,94,85
6575,Arjun Singh,Indore,Electrical,2023,67,78,82
6576,Tanya Jain,Chennai,Computer Science,2025,61,82,75
6577,Priya Gupta,Jaipur,Information Tech,2023,83,72,86
6578,Meera Iyer,Jaipur,IT,2024,75,81,89
6579,Vishal Dubey,Jaipur,IT,2023,78,81,79
6580,Karan Verma,Bangalore,Computer Science,2025,78,80,90
6581,Priya Gupta,Hyderabad,Electrical,2025,77,71,72
6582,Arjun Singh,Lucknow,Mechanical,2025,73,74,78
6583,Ananya Sharma,Delhi,Civil,2024,74,92,87
6584,Meera Iyer,Lucknow,Information Tech,2025,88,91,72
6585,Tanya Jain,Indore,Mechanical,2024,73,74,82
6586,Tanya Jain,Chennai,Electrical,2025,68,80,89
6587,Karan Verma,Delhi,IT,2023,62,88,88
6588,Meera Iyer,Delhi,Mechanical,2025,90,80,86
6589,Ananya Sharma,Mumbai,Civil,2023,75,75,77
6590,Tanya Jain,Ahmedabad,Mechanical,2025,89,79,89
6591,Priya Gupta,Jaipur,Electronics,2025,79,72,84
6592,Vishal Dubey,Lucknow,Electrical,2024,65,87,74
6593,Arjun Singh,Lucknow,IT,2025,79,75,77
6594,Tanya Jain,Hyderabad,Mechanical,2024,82,79,80
6595,Sneha Reddy,Lucknow,IT,2024,67,80,84
6596,Karan Verma,Lucknow,Electrical,2023,88,85,75
6597,Vishal Dubey,Mumbai,Mechanical,2024,76,81,79
6598,Karan Verma,Delhi,Mechanical,2025,87,72,80
6599,Sneha Reddy,Indore,Civil,2024,74,79,75
6600,Karan Verma,Lucknow,Computer Science,2025,80,85,65
6601,Tanya Jain,Lucknow,Computer Science,2025,85,90,82
6602,Tanya Jain,Chennai,Electrical,2023,70,74,73
6603,Ananya Sharma,Chennai,Mechanical,2025,82,87,67
6604,Karan Verma,Pune,Computer Science,2024,81,82,72
6605,Vishal Dubey,Ahmedabad,Information Tech,2024,62,94,83
6606,Arjun Singh,Hyderabad,Electrical,2025,89,81,71
6607,Ravi Patel,Delhi,Mechanical,2023,65,87,86
6608,Meera Iyer,Pune,Electrical,2023,63,86,75
6609,Arjun Singh,Ahmedabad,Electronics,2024,61,74,74
6610,Rahul Mehta,Chennai,Electrical,2024,68,81,88
6611,Rahul Mehta,Lucknow,Mechanical,2023,77,75,86
6612,Priya Gupta,Ahmedabad,Civil,2024,82,95,87
6613,Arjun Singh,Jaipur,Information Tech,2024,70,82,68
6614,Priya Gupta,Ahmedabad,Electronics,2024,65,87,85
6615,Meera Iyer,Indore,Mechanical,2025,73,85,74
6616,Rahul Mehta,Bangalore,Computer Science,2025,87,75,67
6617,Karan Verma,Ahmedabad,IT,2023,72,82,77
6618,Ravi Patel,Chennai,Electronics,2023,82,74,67
6619,Tanya Jain,Mumbai,Civil,2024,61,81,70
6620,Sneha Reddy,Indore,IT,2025,72,89,83
6621,Sneha Reddy,Lucknow,Mechanical,2024,86,95,71
6622,Sneha Reddy,Mumbai,IT,2025,83,80,88
6623,Ravi Patel,Delhi,Civil,2023,63,93,78
6624,Ravi Patel,Hyderabad,Mechanical,2025,74,72,86
6625,Tanya Jain,Pune,Mechanical,2025,70,95,77
6626,Meera Iyer,Hyderabad,Computer Science,2023,79,91,82
6627,Tanya Jain,Lucknow,Mechanical,2025,60,91,74
6628,Meera Iyer,Mumbai,Civil,2024,61,73,88
6629,Ravi Patel,Indore,Electrical,2024,74,86,79
6630,Meera Iyer,Delhi,Information Tech,2025,85,73,83
6631,Sneha Reddy,Chennai,Electronics,2025,67,80,67
6632,Ananya Sharma,Mumbai,Information Tech,2025,78,72,70
6633,Ananya Sharma,Bangalore,Mechanical,2024,87,92,81
6634,Ananya Sharma,Jaipur,Mechanical,2025,75,83,84
6635,Ananya Sharma,Ahmedabad,Civil,2024,69,76,74
6636,Priya Gupta,Pune,Electronics,2025,85,82,70
6637,Sneha Reddy,Pune,Electrical,2024,66,94,84
6638,Vishal Dubey,Chennai,Information Tech,2024,77,91,84
6639,Ravi Patel,Lucknow,Civil,2023,73,81,68
6640,Rahul Mehta,Ahmedabad,Mechanical,2024,70,74,83
6641,Ananya Sharma,Jaipur,Computer Science,2024,81,85,73
6642,Arjun Singh,Pune,Information Tech,2025,70,87,71
6643,Priya Gupta,Indore,Information Tech,2025,76,74,75
6644,Priya Gupta,Hyderabad,Civil,2023,64,91,71
6645,Ravi Patel,Mumbai,Electronics,2024,78,94,70
6646,Ananya Sharma,Chennai,Computer Science,2024,89,83,76
6647,Priya Gupta,Jaipur,Electrical,2024,63,78,66
6648,Priya Gupta,Indore,Civil,2023,86,94,68
6649,Karan Verma,Jaipur,Electronics,2025,67,77,71
6650,Arjun Singh,Hyderabad,IT,2025,82,83,75
6651,Ravi Patel,Ahmedabad,Computer Science,2025,85,92,80
6652,Sneha Reddy,Chennai,Electronics,2024,90,77,84
6653,Ananya Sharma,Hyderabad,Electronics,2023,70,84,84
6654,Vishal Dubey,Mumbai,Information Tech,2023,86,94,78
6655,Ananya Sharma,Hyderabad,Civil,2023,74,85,74
6656,Arjun Singh,Pune,Mechanical,2024,85,79,77
6657,Ananya Sharma,Pune,Information Tech,2024,69,71,68
6658,Ravi Patel,Delhi,Computer Science,2025,74,84,75
6659,Ravi Patel,Delhi,IT,2025,62,92,88
6660,Arjun Singh,Lucknow,IT,2025,78,81,72
6661,Vishal Dubey,Chennai,Electrical,2023,62,81,65
6662,Ravi Patel,Chennai,Computer Science,2023,66,93,66
6663,Ravi Patel,Delhi,IT,2025,81,72,75
6664,Karan Verma,Bangalore,Computer Science,2024,68,86,68
6665,Priya Gupta,Chennai,IT,2023,80,84,72
6666,Arjun Singh,Pune,Electronics,2024,82,79,89
6667,Vishal Dubey,Hyderabad,Computer Science,2024,82,85,77
6668,Arjun Singh,Hyderabad,Electrical,2025,75,83,82
6669,Rahul Mehta,Jaipur,IT,2023,71,82,73
6670,Karan Verma,Indore,Civil,2025,66,82,67
6671,Karan Verma,Lucknow,Electrical,2023,85,72,74
6672,Ananya Sharma,Bangalore,Electronics,2024,74,79,69
6673,Ravi Patel,Pune,Electronics,2025,82,81,89
6674,Ananya Sharma,Lucknow,Civil,2024,82,74,80
6675,Vishal Dubey,Pune,Electronics,2023,63,90,80
6676,Ananya Sharma,Jaipur,IT,2024,87,86,82
6677,Arjun Singh,Delhi,Electrical,2023,72,79,81
6678,Sneha Reddy,Bangalore,Electronics,2025,85,75,70
6679,Ravi Patel,Delhi,Mechanical,2024,75,88,79
6680,Ravi Patel,Lucknow,Civil,2024,70,87,82
6681,Meera Iyer,Bangalore,Civil,2023,77,80,65
6682,Ravi Patel,Bangalore,Information Tech,2023,76,91,89
6683,Arjun Singh,Chennai,Mechanical,2025,74,78,75
6684,Vishal Dubey,Lucknow,Mechanical,2023,88,94,75
6685,Sneha Reddy,Bangalore,Mechanical,2024,71,79,69
6686,Vishal Dubey,Bangalore,Electrical,2024,81,83,66
6687,Meera Iyer,Delhi,Computer Science,2024,64,88,80
6688,Meera Iyer,Mumbai,Mechanical,2024,88,74,88
6689,Arjun Singh,Pune,Electrical,2023,84,79,75
6690,Priya Gupta,Lucknow,Computer Science,2024,79,71,85
6691,Priya Gupta,Delhi,Information Tech,2023,64,70,87
6692,Meera Iyer,Delhi,Information Tech,2024,75,85,84
6693,Vishal Dubey,Chennai,Computer Science,2025,71,72,72
6694,Rahul Mehta,Mumbai,Civil,2023,75,72,69
6695,Meera Iyer,Ahmedabad,Civil,2025,67,92,73
6696,Ananya Sharma,Lucknow,Electronics,2024,82,93,81
6697,Tanya Jain,Pune,IT,2025,61,91,75
6698,Meera Iyer,Hyderabad,Civil,2024,74,88,75
6699,Meera Iyer,Indore,Civil,2025,81,79,73
6700,Ravi Patel,Lucknow,Electrical,2024,90,75,71
6701,Rahul Mehta,Indore,Mechanical,2024,66,93,81
6702,Priya Gupta,Delhi,Civil,2024,76,78,81
6703,Arjun Singh,Hyderabad,IT,2023,72,79,69
6704,Sneha Reddy,Chennai,Mechanical,2023,81,76,88
6705,Karan Verma,Delhi,Civil,2024,62,86,80
6706,Sneha Reddy,Ahmedabad,Electronics,2024,66,86,77
6707,Priya Gupta,Ahmedabad,Civil,2025,62,90,89
6708,Vishal Dubey,Hyderabad,Electrical,2025,73,93,67
6709,Vishal Dubey,Lucknow,Civil,2023,61,95,75
6710,Tanya Jain,Bangalore,Information Tech,2025,68,90,84
6711,Rahul Mehta,Jaipur,Mechanical,2023,72,85,77
6712,Karan Verma,Indore,Electronics,2025,82,82,74
6713,Sneha Reddy,Hyderabad,Computer Science,2024,89,76,85
6714,Ananya Sharma,Jaipur,Electrical,2025,80,93,76
6715,Vishal Dubey,Pune,Civil,2023,62,85,71
6716,Arjun Singh,Lucknow,Electronics,2024,68,83,82
6717,Rahul Mehta,Lucknow,Civil,2025,67,92,86
6718,Karan Verma,Chennai,Information Tech,2024,69,88,75
6719,Arjun Singh,Delhi,Civil,2024,68,83,84
6720,Priya Gupta,Mumbai,Information Tech,2024,67,74,89
6721,Meera Iyer,Indore,Computer Science,2024,78,93,70
6722,Tanya Jain,Indore,Civil,2023,77,83,81
6723,Arjun Singh,Pune,IT,2025,77,80,84
6724,Karan Verma,Chennai,Electronics,2024,80,86,67
6725,Karan Verma,Indore,Information Tech,2023,83,91,71
6726,Karan Verma,Jaipur,Electronics,2023,61,79,77
6727,Rahul Mehta,Ahmedabad,Electronics,2023,87,82,82
6728,Sneha Reddy,Bangalore,Mechanical,2023,65,89,83
6729,Priya Gupta,Ahmedabad,Information Tech,2025,63,95,74
6730,Vishal Dubey,Hyderabad,Information Tech,2023,65,87,80
6731,Arjun Singh,Bangalore,Electronics,2023,85,75,78
6732,Meera Iyer,Mumbai,Mechanical,2023,65,74,87
6733,Priya Gupta,Indore,Electrical,2025,64,81,69
6734,Meera Iyer,Bangalore,Computer Science,2024,88,95,89
6735,Arjun Singh,Lucknow,Computer Science,2025,74,83,74
6736,Karan Verma,Lucknow,Information Tech,2024,62,81,83
6737,Rahul Mehta,Indore,Civil,2023,61,94,69
6738,Vishal Dubey,Indore,Computer Science,2023,85,89,79
6739,Ravi Patel,Jaipur,Electrical,2024,90,95,75
6740,Tanya Jain,Ahmedabad,Civil,2024,67,91,72
6741,Ravi Patel,Ahmedabad,Civil,2023,72,80,86
6742,Meera Iyer,Indore,Electrical,2025,78,83,81
6743,Rahul Mehta,Delhi,Civil,2024,73,90,90
6744,Priya Gupta,Lucknow,Civil,2025,67,89,73
6745,Vishal Dubey,Indore,Electrical,2023,90,82,71
6746,Tanya Jain,Mumbai,Civil,2023,66,86,75
6747,Vishal Dubey,Indore,Civil,2024,61,88,74
6748,Arjun Singh,Hyderabad,Mechanical,2023,85,88,73
6749,Sneha Reddy,Hyderabad,IT,2023,62,88,73
6750,Rahul Mehta,Bangalore,Electrical,2024,83,81,82
6751,Sneha Reddy,Hyderabad,Electronics,2024,89,75,72
6752,Priya Gupta,Pune,IT,2025,84,71,75
6753,Sneha Reddy,Bangalore,Civil,2025,69,76,78
6754,Meera Iyer,Jaipur,Electrical,2024,82,89,67
6755,Ravi Patel,Ahmedabad,Information Tech,2024,84,79,71
6756,Vishal Dubey,Jaipur,IT,2024,77,71,78
6757,Ananya Sharma,Pune,Civil,2025,62,80,83
6758,Ravi Patel,Delhi,Civil,2025,83,72,70
6759,Tanya Jain,Chennai,Information Tech,2025,89,75,82
6760,Rahul Mehta,Mumbai,Computer Science,2023,73,90,80
6761,Rahul Mehta,Ahmedabad,IT,2023,86,93,72
6762,Ravi Patel,Delhi,Electrical,2025,87,85,82
6763,Ananya Sharma,Jaipur,Civil,2025,80,85,83
6764,Ravi Patel,Hyderabad,Electrical,2023,85,74,80
6765,Tanya Jain,Indore,Information Tech,2023,81,81,66
6766,Priya Gupta,Hyderabad,IT,2023,72,80,79
6767,Meera Iyer,Ahmedabad,IT,2025,85,77,77
6768,Meera Iyer,Indore,Electrical,2023,61,81,70
6769,Tanya Jain,Hyderabad,Mechanical,2023,80,88,66
6770,Tanya Jain,Hyderabad,Electrical,2023,64,89,87
6771,Priya Gupta,Indore,Electrical,2025,69,79,73
6772,Priya Gupta,Ahmedabad,Mechanical,2023,63,78,79
6773,Ravi Patel,Bangalore,Electronics,2023,73,77,86
6774,Vishal Dubey,Chennai,Electrical,2024,73,80,66
6775,Ananya Sharma,Mumbai,Electrical,2025,87,87,83
6776,Rahul Mehta,Chennai,Civil,2024,66,88,90
6777,Ananya Sharma,Jaipur,Electrical,2025,70,71,67
6778,Rahul Mehta,Indore,Civil,2023,82,92,70
6779,Priya Gupta,Lucknow,Civil,2024,65,81,75
6780,Tanya Jain,Mumbai,Mechanical,2023,80,82,80
6781,Ravi Patel,Jaipur,Civil,2024,90,71,85
6782,Arjun Singh,Ahmedabad,Electronics,2023,88,79,83
6783,Tanya Jain,Bangalore,Information Tech,2025,83,94,68
6784,Meera Iyer,Bangalore,Computer Science,2025,70,83,83
6785,Meera Iyer,Hyderabad,Civil,2025,82,78,89
6786,Priya Gupta,Jaipur,Computer Science,2024,69,77,86
6787,Sneha Reddy,Lucknow,Mechanical,2025,88,95,68
6788,Ravi Patel,Delhi,Computer Science,2025,68,86,68
6789,Rahul Mehta,Mumbai,Information Tech,2025,60,94,71
6790,Ananya Sharma,Lucknow,Mechanical,2024,87,70,88
6791,Vishal Dubey,Bangalore,Mechanical,2024,78,78,88
6792,Vishal Dubey,Indore,Electronics,2025,72,95,78
6793,Ravi Patel,Hyderabad,IT,2025,67,77,81
6794,Sneha Reddy,Jaipur,Electronics,2023,71,81,82
6795,Ravi Patel,Ahmedabad,Mechanical,2024,71,76,81
6796,Meera Iyer,Jaipur,Mechanical,2025,87,83,67
6797,Ananya Sharma,Bangalore,Mechanical,2025,74,77,83
6798,Rahul Mehta,Jaipur,Information Tech,2023,68,72,76
6799,Arjun Singh,Pune,Civil,2025,85,80,78
6800,Sneha Reddy,Ahmedabad,IT,2025,68,87,70
6801,Vishal Dubey,Chennai,IT,2024,86,88,71
6802,Meera Iyer,Delhi,IT,2025,90,86,65
6803,Karan Verma,Chennai,Information Tech,2025,67,87,89
6804,Meera Iyer,Lucknow,IT,2023,80,74,79
6805,Arjun Singh,Mumbai,Mechanical,2024,75,75,84
6806,Ananya Sharma,Jaipur,Electronics,2025,65,91,76
6807,Rahul Mehta,Indore,Civil,2023,81,78,73
6808,Arjun Singh,Hyderabad,Civil,2024,86,91,89
6809,Rahul Mehta,Lucknow,Electrical,2023,68,91,72
6810,Sneha Reddy,Hyderabad,Civil,2023,63,88,81
6811,Ravi Patel,Ahmedabad,Computer Science,2023,81,83,84
6812,Meera Iyer,Delhi,IT,2023,64,76,70
6813,Ananya Sharma,Chennai,Civil,2025,90,78,79
6814,Meera Iyer,Pune,Mechanical,2024,65,87,75
6815,Ravi Patel,Delhi,IT,2025,71,73,87
6816,Karan Verma,Chennai,Computer Science,2023,72,89,67
6817,Meera Iyer,Jaipur,IT,2023,81,82,85
6818,Meera Iyer,Mumbai,IT,2025,66,75,70
6819,Tanya Jain,Hyderabad,Electronics,2025,84,73,88
6820,Meera Iyer,Indore,Computer Science,2025,89,91,86
6821,Sneha Reddy,Lucknow,Computer Science,2025,70,93,85
6822,Tanya Jain,Hyderabad,Electronics,2024,80,89,88
6823,Priya Gupta,Chennai,Electrical,2023,81,76,69
6824,Ravi Patel,Mumbai,IT,2023,76,88,74
6825,Rahul Mehta,Indore,Electronics,2023,84,85,88
6826,Vishal Dubey,Bangalore,IT,2023,89,94,78
6827,Ravi Patel,Delhi,Mechanical,2023,66,94,69
6828,Meera Iyer,Hyderabad,Information Tech,2023,72,71,67
6829,Tanya Jain,Mumbai,Electrical,2025,89,71,85
6830,Meera Iyer,Bangalore,IT,2023,62,88,89
6831,Sneha Reddy,Jaipur,Electronics,2025,61,75,83
6832,Rahul Mehta,Jaipur,Information Tech,2023,63,83,84
6833,Rahul Mehta,Indore,Electronics,2025,64,78,67
6834,Arjun Singh,Indore,Electronics,2024,69,87,78
6835,Sneha Reddy,Lucknow,Information Tech,2023,70,92,72
6836,Rahul Mehta,Delhi,Civil,2025,68,90,79
6837,Tanya Jain,Delhi,IT,2024,65,72,66
6838,Meera Iyer,Ahmedabad,Electrical,2024,68,71,81
6839,Tanya Jain,Jaipur,Civil,2025,90,71,88
6840,Priya Gupta,Chennai,Electronics,2025,68,86,77
6841,Tanya Jain,Hyderabad,Electrical,2024,76,78,84
6842,Tanya Jain,Pune,Computer Science,2023,64,93,90
6843,Meera Iyer,Jaipur,Civil,2024,69,84,66
6844,Meera Iyer,Bangalore,Mechanical,2023,73,91,79
6845,Ananya Sharma,Indore,Electrical,2024,62,71,85
6846,Ravi Patel,Ahmedabad,Computer Science,2024,86,91,73
6847,Arjun Singh,Indore,Electronics,2023,80,72,76
6848,Meera Iyer,Jaipur,IT,2025,90,86,78
6849,Ravi Patel,Mumbai,Computer Science,2025,80,73,70
6850,Rahul Mehta,Hyderabad,Mechanical,2023,73,88,77
6851,Rahul Mehta,Mumbai,Information Tech,2024,66,83,87
6852,Rahul Mehta,Jaipur,Information Tech,2025,72,79,88
6853,Ravi Patel,Mumbai,Electrical,2025,69,75,89
6854,Ravi Patel,Ahmedabad,Information Tech,2024,70,72,86
6855,Tanya Jain,Mumbai,Civil,2025,68,94,84
6856,Karan Verma,Mumbai,Electrical,2025,89,92,72
6857,Ravi Patel,Hyderabad,Civil,2025,61,88,72
6858,Tanya Jain,Jaipur,Electrical,2025,75,76,66
6859,Ananya Sharma,Jaipur,Mechanical,2025,79,89,72
6860,Sneha Reddy,Lucknow,IT,2023,66,94,87
6861,Karan Verma,Jaipur,Civil,2023,82,93,77
6862,Tanya Jain,Indore,Computer Science,2025,89,94,86
6863,Ananya Sharma,Jaipur,Civil,2024,66,79,83
6864,Karan Verma,Pune,Mechanical,2023,63,72,86
6865,Meera Iyer,Pune,Electrical,2024,74,77,80
6866,Rahul Mehta,Bangalore,Electronics,2024,66,85,71
6867,Priya Gupta,Delhi,Electrical,2024,80,73,66
6868,Priya Gupta,Jaipur,Information Tech,2025,87,86,69
6869,Arjun Singh,Jaipur,Information Tech,2023,79,87,70
6870,Arjun Singh,Bangalore,Computer Science,2025,76,82,76
6871,Ravi Patel,Hyderabad,Information Tech,2025,90,89,77
6872,Tanya Jain,Lucknow,Civil,2023,73,86,86
6873,Tanya Jain,Bangalore,Information Tech,2025,61,87,69
6874,Sneha Reddy,Bangalore,Electronics,2023,63,86,72
6875,Priya Gupta,Pune,Mechanical,2025,61,93,79
6876,Rahul Mehta,Indore,Civil,2023,61,92,73
6877,Priya Gupta,Chennai,Civil,2024,72,91,78
6878,Vishal Dubey,Bangalore,Mechanical,2023,82,74,66
6879,Priya Gupta,Pune,Electrical,2024,84,86,74
6880,Vishal Dubey,Lucknow,Information Tech,2023,65,92,70
6881,Rahul Mehta,Ahmedabad,Electronics,2023,89,91,71
6882,Rahul Mehta,Delhi,Information Tech,2024,76,80,74
6883,Ananya Sharma,Pune,Mechanical,2023,68,71,65
6884,Tanya Jain,Hyderabad,IT,2025,71,83,76
6885,Rahul Mehta,Delhi,Civil,2023,87,81,68
6886,Ravi Patel,Bangalore,Electronics,2023,87,81,89
6887,Ananya Sharma,Pune,Civil,2023,77,90,81
6888,Karan Verma,Indore,IT,2024,79,76,69
6889,Karan Verma,Indore,Electrical,2025,80,95,65
6890,Sneha Reddy,Lucknow,Information Tech,2024,68,82,88
6891,Ananya Sharma,Mumbai,Mechanical,2024,63,86,66
6892,Ravi Patel,Pune,Information Tech,2023,80,75,87
6893,Arjun Singh,Hyderabad,Information Tech,2024,65,80,89
6894,Rahul Mehta,Jaipur,Information Tech,2023,74,80,82
6895,Tanya Jain,Bangalore,Electrical,2024,84,78,78
6896,Meera Iyer,Mumbai,Information Tech,2023,70,80,72
6897,Meera Iyer,Lucknow,Mechanical,2025,84,91,81
6898,Karan Verma,Delhi,Information Tech,2025,63,88,81
6899,Sneha Reddy,Mumbai,Electrical,2025,81,76,79
6900,Tanya Jain,Indore,Civil,2025,66,84,78
6901,Meera Iyer,Jaipur,IT,2024,88,86,66
6902,Ananya Sharma,Bangalore,Electrical,2023,69,90,78
6903,Tanya Jain,Hyderabad,Civil,2024,60,87,88
6904,Tanya Jain,Hyderabad,Information Tech,2023,77,87,74
6905,Arjun Singh,Jaipur,Computer Science,2023,75,79,66
6906,Rahul Mehta,Hyderabad,Civil,2024,76,77,66
6907,Karan Verma,Delhi,Mechanical,2023,78,83,83
6908,Tanya Jain,Chennai,IT,2024,89,71,84
6909,Rahul Mehta,Hyderabad,Civil,2024,67,74,68
6910,Karan Verma,Hyderabad,Computer Science,2023,71,75,70
6911,Karan Verma,Lucknow,Civil,2023,88,73,87
6912,Tanya Jain,Jaipur,Civil,2024,62,72,86
6913,Vishal Dubey,Jaipur,Electronics,2025,89,74,79
6914,Rahul Mehta,Jaipur,Electronics,2025,72,81,85
6915,Meera Iyer,Bangalore,Information Tech,2023,71,93,68
6916,Karan Verma,Indore,Electrical,2023,68,74,73
6917,Meera Iyer,Hyderabad,Civil,2025,64,79,82
6918,Tanya Jain,Lucknow,IT,2025,68,81,77
6919,Sneha Reddy,Mumbai,Electronics,2024,85,89,78
6920,Rahul Mehta,Indore,Civil,2024,86,88,82
6921,Priya Gupta,Lucknow,Information Tech,2024,83,90,70
6922,Rahul Mehta,Bangalore,Electronics,2024,68,82,85
6923,Ananya Sharma,Indore,Information Tech,2024,66,93,84
6924,Rahul Mehta,Delhi,IT,2023,76,75,81
6925,Meera Iyer,Lucknow,Electronics,2023,86,74,79
6926,Rahul Mehta,Pune,Electrical,2023,68,85,74
6927,Sneha Reddy,Mumbai,Electrical,2024,88,75,68
6928,Meera Iyer,Chennai,IT,2025,68,71,90
6929,Vishal Dubey,Chennai,IT,2023,71,75,65
6930,Arjun Singh,Jaipur,Electronics,2024,87,74,82
6931,Sneha Reddy,Mumbai,Computer Science,2024,63,78,70
6932,Karan Verma,Hyderabad,Mechanical,2025,73,91,70
6933,Tanya Jain,Jaipur,Civil,2024,88,71,70
6934,Priya Gupta,Lucknow,Electrical,2025,67,77,81
6935,Karan Verma,Bangalore,Computer Science,2024,73,75,71
6936,Priya Gupta,Hyderabad,Computer Science,2023,90,77,83
6937,Ravi Patel,Indore,IT,2024,69,90,89
6938,Meera Iyer,Delhi,Information Tech,2023,76,86,86
6939,Karan Verma,Lucknow,Civil,2025,68,72,73
6940,Karan Verma,Hyderabad,Electronics,2025,74,78,87
6941,Vishal Dubey,Lucknow,Computer Science,2025,66,72,86
6942,Arjun Singh,Pune,Computer Science,2025,61,80,69
6943,Ravi Patel,Pune,Electrical,2025,78,93,73
6944,Tanya Jain,Chennai,Computer Science,2024,75,88,77
6945,Rahul Mehta,Hyderabad,Mechanical,2025,77,92,70
6946,Rahul Mehta,Jaipur,Civil,2023,72,83,77
6947,Vishal Dubey,Delhi,IT,2024,80,77,80
6948,Rahul Mehta,Chennai,Electronics,2025,74,81,84
6949,Sneha Reddy,Ahmedabad,Civil,2025,80,91,79
6950,Ravi Patel,Lucknow,Information Tech,2025,89,71,77
6951,Vishal Dubey,Jaipur,Mechanical,2023,72,80,82
6952,Priya Gupta,Delhi,Civil,2024,64,80,69
6953,Vishal Dubey,Bangalore,Civil,2023,80,90,78
6954,Meera Iyer,Delhi,Electrical,2023,90,86,72
6955,Karan Verma,Indore,Electronics,2025,72,77,84
6956,Arjun Singh,Hyderabad,Mechanical,2025,73,78,81
6957,Ananya Sharma,Hyderabad,Electrical,2023,72,79,74
6958,Ananya Sharma,Ahmedabad,Electrical,2025,63,91,78
6959,Karan Verma,Bangalore,Electrical,2024,70,71,66
6960,Rahul Mehta,Chennai,Mechanical,2023,76,92,82
6961,Meera Iyer,Indore,IT,2023,62,70,76
6962,Ravi Patel,Pune,Computer Science,2024,64,88,77
6963,Vishal Dubey,Mumbai,IT,2024,61,83,82
6964,Arjun Singh,Mumbai,Computer Science,2025,89,89,68
6965,Arjun Singh,Mumbai,Electronics,2023,82,84,89
6966,Ananya Sharma,Mumbai,Electronics,2024,63,92,80
6967,Meera Iyer,Bangalore,Electrical,2023,88,91,86
6968,Meera Iyer,Mumbai,Electronics,2025,64,94,89
6969,Tanya Jain,Lucknow,Civil,2025,62,77,72
6970,Meera Iyer,Jaipur,IT,2024,66,90,87
6971,Meera Iyer,Pune,Computer Science,2025,82,94,67
6972,Arjun Singh,Indore,IT,2023,84,86,90
6973,Karan Verma,Ahmedabad,Electronics,2024,78,95,90
6974,Priya Gupta,Jaipur,Civil,2023,66,81,85
6975,Sneha Reddy,Lucknow,Mechanical,2023,85,94,87
6976,Ananya Sharma,Pune,Mechanical,2024,89,75,78
6977,Karan Verma,Mumbai,Electrical,2025,90,82,81
6978,Vishal Dubey,Bangalore,Information Tech,2025,75,92,75
6979,Arjun Singh,Mumbai,Computer Science,2024,63,83,83
6980,Meera Iyer,Hyderabad,Computer Science,2023,87,81,73
6981,Ravi Patel,Jaipur,Mechanical,2023,82,94,89
6982,Vishal Dubey,Delhi,Computer Science,2024,88,78,78
6983,Meera Iyer,Lucknow,Electrical,2023,73,72,66
6984,Sneha Reddy,Chennai,Computer Science,2023,62,75,78
6985,Ananya Sharma,Lucknow,IT,2025,74,83,73
6986,Sneha Reddy,Mumbai,Electrical,2025,75,74,74
6987,Ravi Patel,Chennai,Electrical,2025,62,88,80
6988,Vishal Dubey,Lucknow,Mechanical,2024,62,81,74
6989,Priya Gupta,Hyderabad,Information Tech,2023,77,87,75
6990,Sneha Reddy,Jaipur,Information Tech,2023,84,90,77
6991,Ananya Sharma,Bangalore,Civil,2024,65,94,66
6992,Sneha Reddy,Bangalore,Electrical,2023,87,83,83
6993,Priya Gupta,Delhi,Civil,2023,67,87,82
6994,Sneha Reddy,Lucknow,Electrical,2023,67,84,68
6995,Meera Iyer,Hyderabad,Mechanical,2025,89,79,76
6996,Priya Gupta,Delhi,IT,2023,78,75,85
6997,Tanya Jain,Ahmedabad,Information Tech,2024,64,82,82
6998,Karan Verma,Jaipur,Electronics,2023,78,83,70
6999,Arjun Singh,Chennai,Information Tech,2024,65,71,70
7000,Rahul Mehta,Lucknow,Electronics,2023,88,82,77
7001,Rahul Mehta,Lucknow,Electrical,2024,87,72,73
7002,Ananya Sharma,Ahmedabad,Computer Science,2023,71,91,83
7003,Tanya Jain,Hyderabad,Civil,2023,79,71,75
7004,Ananya Sharma,Hyderabad,IT,2024,89,83,75
7005,Ravi Patel,Hyderabad,Civil,2024,81,90,69
7006,Priya Gupta,Mumbai,Mechanical,2023,90,73,69
7007,Tanya Jain,Chennai,Mechanical,2024,88,82,65
7008,Vishal Dubey,Bangalore,Electrical,2024,62,78,78
7009,Tanya Jain,Delhi,Electronics,2025,61,75,84
7010,Ravi Patel,Delhi,Mechanical,2023,77,84,67
7011,Rahul Mehta,Hyderabad,Information Tech,2025,86,81,88
7012,Rahul Mehta,Jaipur,Mechanical,2024,85,71,67
7013,Arjun Singh,Mumbai,IT,2025,79,73,82
7014,Tanya Jain,Pune,Electronics,2024,66,87,72
7015,Sneha Reddy,Chennai,IT,2024,72,83,72
7016,Tanya Jain,Mumbai,Electronics,2023,89,75,74
7017,Vishal Dubey,Indore,IT,2025,75,92,68
7018,Ananya Sharma,Delhi,Electrical,2025,86,82,67
7019,Ananya Sharma,Hyderabad,Civil,2024,88,83,87
7020,Tanya Jain,Hyderabad,Civil,2024,77,90,78
7021,Priya Gupta,Hyderabad,Information Tech,2024,62,89,69
7022,Tanya Jain,Jaipur,Civil,2024,68,76,73
7023,Meera Iyer,Lucknow,IT,2025,68,79,88
7024,Meera Iyer,Jaipur,Civil,2024,72,94,84
7025,Tanya Jain,Jaipur,Information Tech,2025,89,90,69
7026,Sneha Reddy,Pune,Mechanical,2024,82,94,77
7027,Ananya Sharma,Ahmedabad,Mechanical,2023,89,93,80
7028,Vishal Dubey,Mumbai,Computer Science,2023,68,83,88
7029,Sneha Reddy,Bangalore,Civil,2024,83,92,87
7030,Ananya Sharma,Delhi,Mechanical,2024,88,73,77
7031,Vishal Dubey,Indore,Civil,2025,78,89,78
7032,Arjun Singh,Hyderabad,Electronics,2025,89,80,85
7033,Meera Iyer,Mumbai,Electrical,2025,71,92,81
7034,Tanya Jain,Pune,Civil,2023,61,92,71
7035,Rahul Mehta,Ahmedabad,Electrical,2023,67,87,80
7036,Meera Iyer,Indore,Electrical,2024,69,83,86
7037,Rahul Mehta,Mumbai,Computer Science,2024,68,82,79
7038,Vishal Dubey,Bangalore,Computer Science,2024,60,92,81
7039,Sneha Reddy,Indore,Electrical,2023,68,78,77
7040,Tanya Jain,Delhi,Computer Science,2023,63,86,66
7041,Rahul Mehta,Delhi,Mechanical,2025,71,75,71
7042,Arjun Singh,Chennai,Civil,2023,86,93,79
7043,Rahul Mehta,Indore,Information Tech,2024,76,79,73
7044,Ravi Patel,Indore,Information Tech,2024,74,87,73
7045,Vishal Dubey,Mumbai,Computer Science,2025,69,93,85
7046,Arjun Singh,Hyderabad,Mechanical,2023,85,87,77
7047,Tanya Jain,Bangalore,Electrical,2023,82,70,69
7048,Karan Verma,Pune,IT,2023,84,85,79
7049,Sneha Reddy,Delhi,Computer Science,2025,84,91,84
7050,Vishal Dubey,Chennai,Mechanical,2025,65,76,67
7051,Vishal Dubey,Mumbai,Civil,2025,70,92,66
7052,Ravi Patel,Ahmedabad,Information Tech,2025,87,76,70
7053,Karan Verma,Hyderabad,Mechanical,2023,89,91,89
7054,Meera Iyer,Indore,Civil,2023,73,86,87
7055,Tanya Jain,Chennai,Civil,2025,79,79,67
7056,Meera Iyer,Ahmedabad,Electrical,2023,70,85,83
7057,Vishal Dubey,Jaipur,Civil,2025,86,90,82
7058,Rahul Mehta,Pune,Electronics,2025,78,81,86
7059,Sneha Reddy,Mumbai,IT,2023,87,91,80
7060,Rahul Mehta,Pune,Civil,2024,89,73,82
7061,Ananya Sharma,Indore,Civil,2025,85,75,68
7062,Meera Iyer,Jaipur,Electronics,2023,81,77,80
7063,Meera Iyer,Mumbai,Mechanical,2023,69,88,72
7064,Sneha Reddy,Delhi,Civil,2024,75,85,86
7065,Ananya Sharma,Jaipur,Information Tech,2023,74,90,75
7066,Karan Verma,Bangalore,Electrical,2023,78,90,75
7067,Ananya Sharma,Chennai,IT,2023,65,85,85
7068,Meera Iyer,Hyderabad,Mechanical,2024,70,73,87
7069,Sneha Reddy,Chennai,Information Tech,2023,62,86,84
7070,Priya Gupta,Chennai,Computer Science,2025,61,94,75
7071,Ananya Sharma,Pune,Computer Science,2025,85,82,84
7072,Meera Iyer,Bangalore,Electrical,2025,70,95,86
7073,Karan Verma,Hyderabad,Electrical,2025,62,74,82
7074,Ananya Sharma,Pune,Information Tech,2025,76,79,75
7075,Arjun Singh,Hyderabad,Electrical,2024,67,95,85
7076,Priya Gupta,Indore,Electrical,2025,81,77,79
7077,Meera Iyer,Mumbai,Mechanical,2023,82,70,75
7078,Priya Gupta,Delhi,IT,2025,70,95,85
7079,Vishal Dubey,Ahmedabad,Civil,2025,73,82,84
7080,Priya Gupta,Indore,Information Tech,2023,76,89,86
7081,Arjun Singh,Chennai,Information Tech,2025,85,88,68
7082,Vishal Dubey,Hyderabad,Electrical,2024,78,71,79
7083,Karan Verma,Chennai,IT,2023,76,75,83
7084,Karan Verma,Jaipur,Information Tech,2025,72,72,83
7085,Meera Iyer,Bangalore,Electrical,2024,72,85,71
7086,Vishal Dubey,Bangalore,Mechanical,2025,74,88,66
7087,Vishal Dubey,Chennai,Electrical,2024,86,91,84
7088,Ananya Sharma,Jaipur,Computer Science,2023,77,91,80
7089,Rahul Mehta,Ahmedabad,IT,2023,69,94,85
7090,Meera Iyer,Hyderabad,Electronics,2023,73,83,74
7091,Sneha Reddy,Lucknow,Information Tech,2023,62,70,89
7092,Sneha Reddy,Hyderabad,Mechanical,2024,81,86,70
7093,Ravi Patel,Mumbai,IT,2025,78,94,75
7094,Arjun Singh,Hyderabad,IT,2024,66,70,77
7095,Ananya Sharma,Pune,Computer Science,2025,74,76,74
7096,Priya Gupta,Mumbai,Mechanical,2024,73,77,75
7097,Ravi Patel,Jaipur,Mechanical,2025,63,95,89
7098,Priya Gupta,Indore,Information Tech,2024,77,83,68
7099,Ravi Patel,Jaipur,Mechanical,2023,79,77,65
7100,Ravi Patel,Mumbai,Electrical,2025,65,91,68
7101,Priya Gupta,Hyderabad,Electrical,2024,62,89,89
7102,Ravi Patel,Jaipur,Electronics,2025,85,84,70
7103,Priya Gupta,Lucknow,IT,2025,60,71,66
7104,Karan Verma,Chennai,Computer Science,2024,77,77,68
7105,Sneha Reddy,Bangalore,Computer Science,2023,72,86,77
7106,Meera Iyer,Mumbai,Electrical,2025,75,83,81
7107,Arjun Singh,Mumbai,Civil,2025,84,73,76
7108,Ravi Patel,Hyderabad,Electronics,2025,69,86,79
7109,Meera Iyer,Indore,Civil,2024,81,93,89
7110,Tanya Jain,Delhi,Computer Science,2025,87,76,65
7111,Meera Iyer,Ahmedabad,Electronics,2023,78,90,75
7112,Vishal Dubey,Delhi,Computer Science,2024,77,94,88
7113,Karan Verma,Jaipur,Electronics,2025,61,78,88
7114,Ananya Sharma,Delhi,Information Tech,2023,85,81,67
7115,Ananya Sharma,Pune,Mechanical,2025,85,84,66
7116,Ravi Patel,Ahmedabad,Information Tech,2025,81,80,78
7117,Vishal Dubey,Delhi,Information Tech,2025,76,81,73
7118,Priya Gupta,Indore,IT,2024,86,84,72
7119,Ananya Sharma,Delhi,Electronics,2024,79,90,76
7120,Ananya Sharma,Indore,Computer Science,2023,66,76,73
7121,Karan Verma,Indore,IT,2024,62,81,70
7122,Rahul Mehta,Lucknow,Electronics,2023,65,78,74
7123,Ananya Sharma,Hyderabad,IT,2025,81,77,81
7124,Meera Iyer,Lucknow,Mechanical,2024,62,73,68
7125,Rahul Mehta,Ahmedabad,Computer Science,2023,63,84,72
7126,Tanya Jain,Hyderabad,Mechanical,2024,64,93,68
7127,Ravi Patel,Jaipur,Civil,2025,64,86,78
7128,Arjun Singh,Ahmedabad,Electronics,2024,66,84,69
7129,Ananya Sharma,Indore,Mechanical,2024,79,90,88
7130,Arjun Singh,Mumbai,Mechanical,2023,82,85,85
7131,Ravi Patel,Chennai,Computer Science,2024,66,90,82
7132,Arjun Singh,Jaipur,Civil,2024,83,87,69
7133,Tanya Jain,Hyderabad,Civil,2025,70,71,66
7134,Vishal Dubey,Delhi,Mechanical,2025,86,87,66
7135,Tanya Jain,Chennai,Electronics,2023,78,77,84
7136,Arjun Singh,Lucknow,Electronics,2025,66,73,73
7137,Priya Gupta,Indore,Electrical,2024,60,85,86
7138,Tanya Jain,Jaipur,IT,2023,84,83,82
7139,Vishal Dubey,Indore,Computer Science,2024,64,87,79
7140,Ravi Patel,Pune,Electronics,2023,79,86,79
7141,Rahul Mehta,Delhi,Electronics,2025,76,91,83
7142,Vishal Dubey,Hyderabad,Civil,2025,90,75,86
7143,Sneha Reddy,Mumbai,IT,2024,76,78,69
7144,Sneha Reddy,Delhi,Electronics,2023,83,88,70
7145,Sneha Reddy,Jaipur,Computer Science,2024,89,89,82
7146,Meera Iyer,Chennai,Electrical,2023,72,87,66
7147,Arjun Singh,Pune,Electronics,2025,63,84,89
7148,Sneha Reddy,Ahmedabad,Electronics,2025,89,79,87
7149,Meera Iyer,Ahmedabad,Mechanical,2025,84,92,86
7150,Ravi Patel,Bangalore,Electrical,2023,75,82,67
7151,Ananya Sharma,Indore,Mechanical,2025,79,76,84
7152,Karan Verma,Hyderabad,Mechanical,2023,71,89,66
7153,Ravi Patel,Hyderabad,Computer Science,2025,69,84,74
7154,Sneha Reddy,Bangalore,Mechanical,2023,81,87,79
7155,Vishal Dubey,Pune,Civil,2025,61,91,65
7156,Vishal Dubey,Pune,Electronics,2023,69,84,75
7157,Ravi Patel,Chennai,Information Tech,2023,78,72,79
7158,Meera Iyer,Mumbai,Information Tech,2024,79,92,69
7159,Ravi Patel,Indore,Electronics,2023,68,77,70
7160,Vishal Dubey,Hyderabad,Computer Science,2025,61,94,86
7161,Arjun Singh,Chennai,Computer Science,2023,61,89,85
7162,Rahul Mehta,Indore,Mechanical,2024,63,81,71
7163,Vishal Dubey,Mumbai,Computer Science,2024,81,94,69
7164,Rahul Mehta,Chennai,Electronics,2025,62,84,66
7165,Arjun Singh,Bangalore,Mechanical,2024,71,88,89
7166,Ravi Patel,Mumbai,Computer Science,2025,89,72,71
7167,Tanya Jain,Indore,Electronics,2024,66,82,82
7168,Priya Gupta,Pune,Information Tech,2024,77,86,83
7169,Vishal Dubey,Lucknow,Computer Science,2024,84,77,82
7170,Ananya Sharma,Pune,Mechanical,2025,87,76,84
7171,Arjun Singh,Lucknow,Information Tech,2024,67,77,66
7172,Meera Iyer,Jaipur,Electrical,2024,85,87,89
7173,Ananya Sharma,Lucknow,Electronics,2024,67,91,83
7174,Karan Verma,Indore,Electrical,2023,85,81,71
7175,Ananya Sharma,Ahmedabad,Civil,2024,64,89,68
7176,Vishal Dubey,Delhi,Information Tech,2024,66,93,87
7177,Ananya Sharma,Lucknow,IT,2023,63,88,73
7178,Ananya Sharma,Jaipur,Information Tech,2023,89,92,66
7179,Ravi Patel,Jaipur,Computer Science,2024,82,71,79
7180,Ananya Sharma,Ahmedabad,Information Tech,2023,86,81,83
7181,Sneha Reddy,Indore,Civil,2024,79,72,82
7182,Tanya Jain,Indore,Electronics,2025,65,79,81
7183,Sneha Reddy,Chennai,IT,2023,89,85,67
7184,Priya Gupta,Pune,Mechanical,2023,65,86,75
7185,Tanya Jain,Delhi,Civil,2025,85,86,81
7186,Vishal Dubey,Lucknow,Mechanical,2025,88,88,72
7187,Arjun Singh,Delhi,Mechanical,2024,82,90,81
7188,Priya Gupta,Mumbai,Electronics,2023,78,78,80
7189,Sneha Reddy,Ahmedabad,Computer Science,2024,69,85,76
7190,Rahul Mehta,Lucknow,Electrical,2023,86,92,84
7191,Karan Verma,Lucknow,Computer Science,2023,73,73,75
7192,Priya Gupta,Hyderabad,Computer Science,2025,62,91,89
7193,Tanya Jain,Pune,Electronics,2023,83,89,76
7194,Karan Verma,Hyderabad,Electrical,2025,76,95,85
7195,Karan Verma,Hyderabad,IT,2024,87,93,82
7196,Arjun Singh,Ahmedabad,IT,2024,63,80,66
7197,Arjun Singh,Indore,Computer Science,2023,61,72,89
7198,Ananya Sharma,Jaipur,Electrical,2023,88,74,85
7199,Tanya Jain,Lucknow,Electronics,2023,73,76,77
7200,Rahul Mehta,Delhi,Computer Science,2023,81,86,90
7201,Karan Verma,Mumbai,Electrical,2024,83,75,75
7202,Arjun Singh,Mumbai,IT,2024,80,91,68
7203,Rahul Mehta,Hyderabad,Computer Science,2025,86,79,87
7204,Ananya Sharma,Mumbai,Information Tech,2024,84,84,78
7205,Priya Gupta,Chennai,IT,2025,63,91,71
7206,Karan Verma,Lucknow,Civil,2024,61,85,75
7207,Arjun Singh,Chennai,Civil,2024,65,87,79
7208,Ravi Patel,Indore,Information Tech,2024,86,94,85
7209,Priya Gupta,Lucknow,IT,2023,72,91,77
7210,Ananya Sharma,Indore,Computer Science,2025,77,84,76
7211,Vishal Dubey,Pune,Computer Science,2024,81,88,75
7212,Vishal Dubey,Pune,Electrical,2024,67,72,88
7213,Sneha Reddy,Lucknow,Electrical,2025,83,74,80
7214,Rahul Mehta,Bangalore,Electrical,2025,89,71,71
7215,Karan Verma,Pune,Information Tech,2023,74,85,87
7216,Arjun Singh,Chennai,Civil,2025,71,74,84
7217,Sneha Reddy,Hyderabad,Computer Science,2025,65,88,83
7218,Ravi Patel,Pune,IT,2024,82,78,73
7219,Arjun Singh,Delhi,Electronics,2023,76,89,71
7220,Meera Iyer,Pune,Mechanical,2023,68,80,76
7221,Meera Iyer,Bangalore,IT,2025,88,94,76
7222,Rahul Mehta,Jaipur,Mechanical,2025,68,75,66
7223,Sneha Reddy,Ahmedabad,Electronics,2025,69,92,75
7224,Ravi Patel,Bangalore,Computer Science,2024,69,93,74
7225,Sneha Reddy,Bangalore,Information Tech,2025,72,89,87
7226,Rahul Mehta,Pune,Electronics,2025,78,87,88
7227,Rahul Mehta,Chennai,IT,2023,86,74,82
7228,Sneha Reddy,Bangalore,Electronics,2024,69,77,84
7229,Tanya Jain,Hyderabad,Electrical,2023,74,78,87
7230,Meera Iyer,Hyderabad,Civil,2025,86,80,84
7231,Karan Verma,Ahmedabad,Mechanical,2025,72,85,85
7232,Tanya Jain,Chennai,Electronics,2025,85,76,68
7233,Vishal Dubey,Pune,Electrical,2024,76,93,65
7234,Rahul Mehta,Bangalore,Computer Science,2023,80,75,88
7235,Vishal Dubey,Lucknow,Information Tech,2024,68,78,74
7236,Meera Iyer,Hyderabad,Civil,2024,65,73,85
7237,Meera Iyer,Bangalore,Electronics,2024,89,84,86
7238,Priya Gupta,Delhi,Computer Science,2024,61,84,66
7239,Vishal Dubey,Jaipur,Civil,2024,71,78,89
7240,Sneha Reddy,Pune,Computer Science,2025,75,95,70
7241,Sneha Reddy,Jaipur,Information Tech,2023,62,76,87
7242,Sneha Reddy,Bangalore,Mechanical,2025,63,78,83
7243,Sneha Reddy,Delhi,Computer Science,2024,70,84,83
7244,Vishal Dubey,Indore,Information Tech,2023,84,85,65
7245,Ananya Sharma,Delhi,Electronics,2023,66,81,84
7246,Arjun Singh,Hyderabad,Information Tech,2023,77,72,81
7247,Vishal Dubey,Mumbai,Mechanical,2025,67,77,77
7248,Rahul Mehta,Bangalore,Electronics,2024,76,93,75
7249,Meera Iyer,Mumbai,Electronics,2024,67,87,65
7250,Tanya Jain,Pune,Information Tech,2023,61,75,86
7251,Karan Verma,Pune,Civil,2025,61,78,81
7252,Sneha Reddy,Bangalore,Civil,2025,77,92,86
7253,Sneha Reddy,Chennai,Electrical,2023,80,89,75
7254,Sneha Reddy,Ahmedabad,Electrical,2024,86,81,88
7255,Ananya Sharma,Pune,Computer Science,2024,84,91,67
7256,Arjun Singh,Bangalore,Mechanical,2023,72,73,90
7257,Rahul Mehta,Bangalore,Information Tech,2023,60,75,79
7258,Priya Gupta,Hyderabad,Computer Science,2024,83,92,78
7259,Vishal Dubey,Chennai,Electrical,2023,87,73,77
7260,Ananya Sharma,Indore,IT,2025,87,75,87
7261,Meera Iyer,Bangalore,IT,2023,83,90,87
7262,Meera Iyer,Jaipur,Mechanical,2024,83,86,79
7263,Priya Gupta,Ahmedabad,Electronics,2023,64,91,65
7264,Vishal Dubey,Lucknow,Information Tech,2024,76,90,89
7265,Vishal Dubey,Chennai,Electrical,2024,69,90,73
7266,Vishal Dubey,Indore,Electronics,2023,67,78,66
7267,Ravi Patel,Delhi,Mechanical,2023,64,76,81
7268,Rahul Mehta,Hyderabad,IT,2024,73,84,84
7269,Rahul Mehta,Jaipur,Information Tech,2023,72,76,73
7270,Ravi Patel,Chennai,Computer Science,2023,84,82,87
7271,Tanya Jain,Pune,IT,2023,74,71,78
7272,Ananya Sharma,Pune,Electronics,2024,89,72,77
7273,Priya Gupta,Lucknow,Mechanical,2023,80,73,73
7274,Arjun Singh,Jaipur,Electrical,2024,67,82,66
7275,Tanya Jain,Mumbai,Electrical,2023,74,92,90
7276,Tanya Jain,Delhi,Computer Science,2025,82,85,65
7277,Rahul Mehta,Hyderabad,Computer Science,2025,73,90,70
7278,Priya Gupta,Bangalore,Computer Science,2023,85,92,76
7279,Priya Gupta,Indore,Computer Science,2024,81,91,81
7280,Tanya Jain,Lucknow,Information Tech,2025,86,85,86
7281,Sneha Reddy,Hyderabad,Civil,2023,85,85,76
7282,Ravi Patel,Pune,Civil,2023,87,92,71
7283,Ravi Patel,Delhi,Electrical,2024,86,86,87
7284,Priya Gupta,Mumbai,Information Tech,2023,83,78,78
7285,Sneha Reddy,Indore,Mechanical,2023,72,76,72
7286,Rahul Mehta,Lucknow,Electrical,2024,67,91,67
7287,Ananya Sharma,Jaipur,Electrical,2025,61,83,77
7288,Meera Iyer,Jaipur,Electronics,2023,79,83,89
7289,Vishal Dubey,Bangalore,Information Tech,2025,72,84,86
7290,Vishal Dubey,Chennai,Electrical,2024,65,72,66
7291,Rahul Mehta,Hyderabad,Mechanical,2024,79,94,76
7292,Tanya Jain,Delhi,Civil,2025,79,77,73
7293,Ravi Patel,Chennai,Information Tech,2023,68,85,89
7294,Meera Iyer,Lucknow,Mechanical,2024,73,70,81
7295,Karan Verma,Pune,Electrical,2023,68,91,82
7296,Meera Iyer,Jaipur,Computer Science,2025,72,86,88
7297,Sneha Reddy,Hyderabad,IT,2023,67,73,89
7298,Tanya Jain,Pune,Mechanical,2025,90,93,86
7299,Karan Verma,Mumbai,Civil,2025,80,81,66
7300,Vishal Dubey,Jaipur,Mechanical,2023,84,82,74
7301,Arjun Singh,Bangalore,Information Tech,2024,69,92,71
7302,Karan Verma,Delhi,Computer Science,2024,82,86,71
7303,Arjun Singh,Lucknow,Electronics,2024,78,86,66
7304,Ananya Sharma,Pune,IT,2023,89,75,65
7305,Tanya Jain,Indore,Civil,2024,78,76,68
7306,Sneha Reddy,Chennai,Civil,2024,82,85,86
7307,Arjun Singh,Jaipur,Electrical,2024,65,81,77
7308,Vishal Dubey,Bangalore,Electrical,2024,75,79,66
7309,Rahul Mehta,Bangalore,Civil,2024,62,91,65
7310,Tanya Jain,Ahmedabad,Information Tech,2025,64,89,76
7311,Meera Iyer,Mumbai,Mechanical,2023,63,81,66
7312,Ravi Patel,Delhi,Information Tech,2023,74,92,82
7313,Karan Verma,Jaipur,Computer Science,2024,64,85,70
7314,Arjun Singh,Lucknow,Civil,2023,88,82,81
7315,Sneha Reddy,Lucknow,Computer Science,2023,86,87,69
7316,Karan Verma,Bangalore,Mechanical,2023,84,77,82
7317,Ravi Patel,Ahmedabad,IT,2024,69,72,83
7318,Karan Verma,Pune,Information Tech,2025,74,84,83
7319,Vishal Dubey,Mumbai,Civil,2024,80,92,73
7320,Ananya Sharma,Indore,Civil,2025,87,79,66
7321,Ananya Sharma,Ahmedabad,Civil,2023,89,80,85
7322,Karan Verma,Hyderabad,Computer Science,2025,89,82,73
7323,Meera Iyer,Ahmedabad,Information Tech,2023,79,87,87
7324,Sneha Reddy,Jaipur,Civil,2025,62,72,69
7325,Ravi Patel,Chennai,Electrical,2023,87,84,74
7326,Meera Iyer,Bangalore,Mechanical,2025,69,86,84
7327,Arjun Singh,Mumbai,IT,2025,72,75,80
7328,Meera Iyer,Ahmedabad,Information Tech,2023,84,76,87
7329,Priya Gupta,Hyderabad,Electrical,2025,63,80,83
7330,Rahul Mehta,Chennai,Electronics,2024,86,72,70
7331,Ravi Patel,Jaipur,Information Tech,2025,65,87,77
7332,Ravi Patel,Lucknow,Civil,2023,73,73,73
7333,Ravi Patel,Delhi,Electronics,2025,70,81,79
7334,Meera Iyer,Delhi,Electronics,2023,78,92,85
7335,Priya Gupta,Delhi,IT,2025,74,78,71
7336,Priya Gupta,Delhi,Computer Science,2023,85,74,76
7337,Ravi Patel,Pune,IT,2024,78,79,80
7338,Karan Verma,Hyderabad,Information Tech,2025,71,94,82
7339,Ananya Sharma,Lucknow,Civil,2023,81,86,81
7340,Priya Gupta,Jaipur,Mechanical,2024,70,81,75
7341,Karan Verma,Hyderabad,Information Tech,2024,62,73,77
7342,Meera Iyer,Chennai,Information Tech,2024,78,87,80
7343,Vishal Dubey,Pune,Computer Science,2025,77,71,77
7344,Vishal Dubey,Jaipur,Electronics,2024,78,85,70
7345,Priya Gupta,Lucknow,Civil,2025,71,91,84
7346,Arjun Singh,Ahmedabad,Civil,2024,78,81,80
7347,Ananya Sharma,Chennai,Electrical,2025,87,75,79
7348,Ananya Sharma,Ahmedabad,IT,2025,69,92,80
7349,Meera Iyer,Mumbai,Computer Science,2024,81,79,87
7350,Karan Verma,Jaipur,Information Tech,2023,65,93,83
7351,Ravi Patel,Pune,Computer Science,2024,69,91,84
7352,Sneha Reddy,Hyderabad,Civil,2025,68,90,77
7353,Ravi Patel,Hyderabad,Information Tech,2025,69,92,74
7354,Ravi Patel,Mumbai,Electronics,2023,80,88,85
7355,Rahul Mehta,Indore,Electronics,2024,72,76,89
7356,Karan Verma,Hyderabad,Mechanical,2025,88,89,79
7357,Karan Verma,Mumbai,IT,2024,81,81,66
7358,Ravi Patel,Jaipur,Information Tech,2025,68,93,75
7359,Priya Gupta,Chennai,Electrical,2025,79,91,86
7360,Arjun Singh,Chennai,Electronics,2023,89,87,84
7361,Meera Iyer,Hyderabad,Electrical,2024,67,80,72
7362,Tanya Jain,Jaipur,Computer Science,2023,72,78,73
7363,Ravi Patel,Delhi,Civil,2024,63,79,66
7364,Meera Iyer,Hyderabad,Information Tech,2024,62,73,87
7365,Priya Gupta,Pune,Civil,2024,81,80,79
7366,Vishal Dubey,Ahmedabad,Computer Science,2023,65,92,66
7367,Vishal Dubey,Bangalore,Electronics,2023,80,94,80
7368,Ananya Sharma,Lucknow,IT,2024,61,80,75
7369,Priya Gupta,Chennai,Mechanical,2023,69,84,70
7370,Priya Gupta,Delhi,Computer Science,2024,84,89,65
7371,Arjun Singh,Jaipur,Computer Science,2025,72,80,68
7372,Ananya Sharma,Lucknow,Mechanical,2025,65,81,79
7373,Karan Verma,Mumbai,Computer Science,2024,77,94,85
7374,Ananya Sharma,Lucknow,Electrical,2025,90,84,83
7375,Arjun Singh,Bangalore,Information Tech,2025,90,78,66
7376,Karan Verma,Jaipur,Electronics,2023,69,84,68
7377,Ravi Patel,Jaipur,Electrical,2024,65,75,66
7378,Meera Iyer,Mumbai,Information Tech,2023,62,87,81
7379,Tanya Jain,Ahmedabad,Information Tech,2025,66,94,72
7380,Tanya Jain,Hyderabad,Information Tech,2025,63,84,66
7381,Ravi Patel,Indore,Electronics,2024,63,87,87
7382,Ravi Patel,Hyderabad,Civil,2024,72,75,77
7383,Vishal Dubey,Hyderabad,Electrical,2023,62,77,70
7384,Vishal Dubey,Pune,Mechanical,2025,61,95,89
7385,Vishal Dubey,Lucknow,IT,2025,81,76,66
7386,Tanya Jain,Jaipur,IT,2025,86,89,79
7387,Karan Verma,Chennai,Electrical,2024,77,92,81
7388,Karan Verma,Hyderabad,Civil,2025,81,84,84
7389,Ravi Patel,Chennai,Information Tech,2025,74,73,66
7390,Vishal Dubey,Pune,Electronics,2025,74,70,76
7391,Karan Verma,Chennai,Information Tech,2025,68,78,90
7392,Priya Gupta,Ahmedabad,Information Tech,2023,82,82,83
7393,Ananya Sharma,Pune,Computer Science,2024,78,93,82
7394,Vishal Dubey,Mumbai,Information Tech,2024,86,76,66
7395,Tanya Jain,Pune,Civil,2024,64,92,85
7396,Ravi Patel,Lucknow,Electrical,2025,76,77,75
7397,Ravi Patel,Lucknow,Information Tech,2025,77,81,86
7398,Vishal Dubey,Lucknow,Mechanical,2023,88,82,65
7399,Tanya Jain,Indore,Mechanical,2025,82,86,72
7400,Meera Iyer,Indore,Electrical,2025,61,86,89
7401,Ananya Sharma,Mumbai,Civil,2023,81,89,83
7402,Sneha Reddy,Lucknow,Computer Science,2023,84,79,82
7403,Vishal Dubey,Bangalore,Mechanical,2024,82,78,88
7404,Ravi Patel,Hyderabad,Electronics,2024,88,79,79
7405,Priya Gupta,Pune,Information Tech,2025,74,79,67
7406,Vishal Dubey,Hyderabad,Electrical,2025,85,76,71
7407,Priya Gupta,Pune,Computer Science,2023,90,71,75
7408,Meera Iyer,Hyderabad,Electrical,2024,63,78,79
7409,Rahul Mehta,Jaipur,Electrical,2024,73,71,72
7410,Tanya Jain,Hyderabad,IT,2023,78,78,76
7411,Arjun Singh,Mumbai,IT,2025,64,89,77
7412,Vishal Dubey,Pune,Civil,2023,72,83,74
7413,Ravi Patel,Jaipur,IT,2023,76,87,77
7414,Arjun Singh,Pune,Electronics,2023,85,80,71
7415,Priya Gupta,Delhi,IT,2024,68,74,82
7416,Ananya Sharma,Pune,Information Tech,2023,65,77,89
7417,Arjun Singh,Chennai,Mechanical,2024,84,79,76
7418,Ravi Patel,Pune,Computer Science,2025,77,92,88
7419,Arjun Singh,Chennai,IT,2023,87,88,82
7420,Rahul Mehta,Bangalore,Computer Science,2023,67,73,81
7421,Priya Gupta,Jaipur,Civil,2023,61,83,67
7422,Arjun Singh,Bangalore,Civil,2023,89,90,69
7423,Vishal Dubey,Mumbai,IT,2024,64,72,88
7424,Rahul Mehta,Indore,Electronics,2024,86,76,89
7425,Rahul Mehta,Delhi,Computer Science,2023,70,85,70
7426,Ananya Sharma,Chennai,Civil,2024,87,77,74
7427,Sneha Reddy,Indore,Electronics,2024,79,74,81
7428,Priya Gupta,Delhi,IT,2025,84,81,71
7429,Sneha Reddy,Jaipur,Mechanical,2024,66,79,80
7430,Vishal Dubey,Chennai,Electronics,2025,85,85,72
7431,Vishal Dubey,Ahmedabad,Civil,2025,80,86,86
7432,Karan Verma,Pune,Electronics,2024,75,84,73
7433,Sneha Reddy,Mumbai,Civil,2024,79,90,74
7434,Meera Iyer,Chennai,Electronics,2023,88,93,88
7435,Meera Iyer,Delhi,Mechanical,2024,82,71,73
7436,Vishal Dubey,Chennai,IT,2024,65,82,87
7437,Ananya Sharma,Pune,Information Tech,2024,89,83,85
7438,Vishal Dubey,Bangalore,Civil,2025,62,82,78
7439,Karan Verma,Mumbai,IT,2024,84,84,65
7440,Rahul Mehta,Jaipur,Mechanical,2024,73,77,76
7441,Karan Verma,Bangalore,Computer Science,2025,66,83,78
7442,Tanya Jain,Bangalore,Electronics,2023,83,74,89
7443,Priya Gupta,Ahmedabad,Computer Science,2024,81,94,86
7444,Tanya Jain,Lucknow,Computer Science,2023,87,91,78
7445,Karan Verma,Mumbai,IT,2023,70,81,68
7446,Ananya Sharma,Hyderabad,Information Tech,2023,66,77,81
7447,Arjun Singh,Bangalore,Electrical,2023,67,75,75
7448,Priya Gupta,Pune,Civil,2024,66,76,89
7449,Ravi Patel,Lucknow,IT,2023,84,81,80
7450,Ravi Patel,Ahmedabad,Information Tech,2024,67,91,74
7451,Ravi Patel,Jaipur,Electrical,2023,63,81,84
7452,Tanya Jain,Delhi,IT,2024,86,86,78
7453,Arjun Singh,Bangalore,IT,2024,64,85,80
7454,Ravi Patel,Chennai,Mechanical,2023,82,73,86
7455,Karan Verma,Hyderabad,Information Tech,2024,81,81,80
7456,Arjun Singh,Bangalore,IT,2025,83,81,72
7457,Ananya Sharma,Lucknow,Mechanical,2024,73,79,84
7458,Tanya Jain,Mumbai,Mechanical,2023,87,73,88
7459,Rahul Mehta,Mumbai,Computer Science,2025,66,82,73
7460,Vishal Dubey,Pune,Civil,2024,83,91,69
7461,Ananya Sharma,Bangalore,IT,2024,81,93,82
7462,Meera Iyer,Mumbai,Mechanical,2025,80,86,71
7463,Ravi Patel,Mumbai,Information Tech,2023,83,85,72
7464,Vishal Dubey,Pune,Computer Science,2024,72,84,75
7465,Tanya Jain,Delhi,Information Tech,2023,67,80,74
7466,Rahul Mehta,Lucknow,Electronics,2023,77,86,81
7467,Tanya Jain,Hyderabad,Electronics,2025,75,88,82
7468,Arjun Singh,Bangalore,Information Tech,2025,88,83,76
7469,Ravi Patel,Bangalore,Electrical,2025,82,77,84
7470,Sneha Reddy,Mumbai,Civil,2025,85,86,83
7471,Ravi Patel,Bangalore,Mechanical,2023,86,82,66
7472,Meera Iyer,Indore,Information Tech,2023,68,80,77
7473,Sneha Reddy,Delhi,Electronics,2025,60,79,84
7474,Ananya Sharma,Jaipur,Electronics,2023,76,91,72
7475,Rahul Mehta,Lucknow,Mechanical,2024,79,72,90
7476,Rahul Mehta,Bangalore,Information Tech,2023,84,74,68
7477,Sneha Reddy,Ahmedabad,Mechanical,2025,78,92,75
7478,Ravi Patel,Bangalore,Electronics,2023,70,75,79
7479,Ananya Sharma,Hyderabad,Mechanical,2023,89,76,75
7480,Priya Gupta,Pune,Electrical,2023,69,82,83
7481,Sneha Reddy,Chennai,Electrical,2025,63,85,68
7482,Ananya Sharma,Lucknow,Mechanical,2024,81,73,67
7483,Ananya Sharma,Lucknow,Computer Science,2023,75,70,88
7484,Karan Verma,Pune,Information Tech,2023,63,70,67
7485,Rahul Mehta,Chennai,Mechanical,2023,76,75,81
7486,Sneha Reddy,Lucknow,Electrical,2023,62,88,82
7487,Ananya Sharma,Jaipur,Electrical,2025,84,75,79
7488,Karan Verma,Mumbai,Electrical,2023,63,77,90
7489,Rahul Mehta,Jaipur,Computer Science,2024,75,84,73
7490,Ravi Patel,Mumbai,Electronics,2023,61,79,80
7491,Meera Iyer,Ahmedabad,IT,2025,87,84,73
7492,Karan Verma,Bangalore,Electronics,2023,79,94,81
7493,Vishal Dubey,Delhi,Electrical,2023,89,78,81
7494,Karan Verma,Chennai,Computer Science,2024,89,94,70
7495,Tanya Jain,Pune,Electrical,2023,66,75,66
7496,Vishal Dubey,Hyderabad,Electronics,2025,77,85,75
7497,Rahul Mehta,Hyderabad,Information Tech,2024,65,82,83
7498,Priya Gupta,Pune,Electronics,2025,73,90,85
7499,Vishal Dubey,Bangalore,Computer Science,2025,70,81,79
7500,Tanya Jain,Indore,IT,2025,62,72,90
7501,Meera Iyer,Pune,Electronics,2025,89,93,69
7502,Rahul Mehta,Chennai,Electronics,2023,67,75,79
7503,Arjun Singh,Delhi,Electronics,2023,86,81,86
7504,Priya Gupta,Lucknow,Civil,2025,76,93,84
7505,Priya Gupta,Mumbai,Computer Science,2023,74,91,89
7506,Meera Iyer,Delhi,Civil,2024,70,92,83
7507,Meera Iyer,Jaipur,Computer Science,2023,81,73,86
7508,Priya Gupta,Mumbai,Civil,2023,87,91,84
7509,Rahul Mehta,Lucknow,Electronics,2024,81,91,87
7510,Ravi Patel,Bangalore,Mechanical,2023,71,79,66
7511,Rahul Mehta,Ahmedabad,Information Tech,2025,68,71,88
7512,Meera Iyer,Chennai,Information Tech,2023,67,72,88
7513,Priya Gupta,Hyderabad,Electronics,2024,61,83,85
7514,Rahul Mehta,Lucknow,Electronics,2024,61,86,77
7515,Sneha Reddy,Hyderabad,IT,2024,69,72,89
7516,Ravi Patel,Hyderabad,IT,2024,68,83,66
7517,Karan Verma,Ahmedabad,Electrical,2025,72,70,72
7518,Rahul Mehta,Bangalore,Computer Science,2025,61,70,80
7519,Karan Verma,Indore,IT,2023,88,70,68
7520,Tanya Jain,Hyderabad,Computer Science,2023,86,81,87
7521,Arjun Singh,Lucknow,Computer Science,2025,70,80,70
7522,Ananya Sharma,Indore,Mechanical,2024,62,77,83
7523,Tanya Jain,Indore,Civil,2025,63,93,72
7524,Vishal Dubey,Jaipur,Information Tech,2023,79,83,83
7525,Arjun Singh,Pune,Mechanical,2024,84,74,70
7526,Karan Verma,Jaipur,Civil,2023,84,77,70
7527,Ravi Patel,Indore,Electronics,2024,67,88,90
7528,Ravi Patel,Ahmedabad,IT,2023,71,73,81
7529,Tanya Jain,Delhi,Civil,2023,82,78,88
7530,Tanya Jain,Bangalore,Electrical,2025,70,74,85
7531,Karan Verma,Hyderabad,Electronics,2023,67,81,78
7532,Ravi Patel,Lucknow,Information Tech,2024,85,72,68
7533,Sneha Reddy,Hyderabad,Information Tech,2025,75,85,81
7534,Priya Gupta,Ahmedabad,Information Tech,2025,71,95,65
7535,Ananya Sharma,Lucknow,Civil,2024,69,90,79
7536,Ananya Sharma,Mumbai,Computer Science,2023,68,80,82
7537,Meera Iyer,Ahmedabad,Information Tech,2025,62,75,70
7538,Ravi Patel,Bangalore,Computer Science,2023,89,73,89
7539,Rahul Mehta,Ahmedabad,Civil,2024,78,80,88
7540,Rahul Mehta,Hyderabad,Computer Science,2024,88,70,86
7541,Meera Iyer,Bangalore,Information Tech,2024,74,77,66
7542,Sneha Reddy,Lucknow,Electronics,2025,89,73,89
7543,Tanya Jain,Chennai,Electrical,2023,66,90,68
7544,Priya Gupta,Jaipur,Electronics,2024,73,90,78
7545,Ravi Patel,Pune,Electronics,2025,71,79,77
7546,Tanya Jain,Mumbai,Computer Science,2025,78,76,87
7547,Arjun Singh,Bangalore,IT,2024,66,73,79
7548,Arjun Singh,Delhi,Civil,2024,68,75,89
7549,Ravi Patel,Delhi,Electrical,2024,78,94,84
7550,Rahul Mehta,Delhi,Information Tech,2024,89,87,78
7551,Priya Gupta,Chennai,Information Tech,2024,86,91,83
7552,Meera Iyer,Lucknow,Information Tech,2024,73,93,68
7553,Arjun Singh,Lucknow,Electronics,2024,63,87,76
7554,Priya Gupta,Indore,IT,2023,71,81,80
7555,Karan Verma,Pune,Electrical,2023,74,73,79
7556,Rahul Mehta,Jaipur,Electronics,2024,67,85,74
7557,Tanya Jain,Delhi,Electrical,2023,71,88,72
7558,Vishal Dubey,Indore,IT,2023,88,83,73
7559,Karan Verma,Indore,Information Tech,2025,77,89,84
7560,Priya Gupta,Hyderabad,Electronics,2023,71,76,84
7561,Karan Verma,Indore,Electronics,2025,81,77,68
7562,Vishal Dubey,Bangalore,Electrical,2025,83,84,74
7563,Ravi Patel,Delhi,Information Tech,2025,70,84,75
7564,Ravi Patel,Delhi,Electronics,2023,75,84,88
7565,Sneha Reddy,Chennai,IT,2024,68,71,76
7566,Ananya Sharma,Hyderabad,IT,2024,81,87,75
7567,Tanya Jain,Indore,Information Tech,2025,70,75,82
7568,Arjun Singh,Chennai,Mechanical,2023,84,76,71
7569,Rahul Mehta,Bangalore,Electronics,2024,63,84,90
7570,Sneha Reddy,Chennai,Information Tech,2025,68,87,82
7571,Karan Verma,Bangalore,Electronics,2024,83,83,78
7572,Tanya Jain,Delhi,Computer Science,2025,87,90,83
7573,Ravi Patel,Chennai,IT,2024,74,82,87
7574,Ravi Patel,Jaipur,Civil,2023,70,89,76
7575,Tanya Jain,Indore,Civil,2023,90,79,86
7576,Priya Gupta,Chennai,Electronics,2025,87,82,79
7577,Tanya Jain,Lucknow,Computer Science,2024,79,87,69
7578,Ravi Patel,Ahmedabad,Electronics,2024,78,89,89
7579,Rahul Mehta,Bangalore,Electrical,2024,83,90,78
7580,Vishal Dubey,Hyderabad,Information Tech,2023,77,81,82
7581,Ravi Patel,Ahmedabad,Electrical,2025,80,80,82
7582,Vishal Dubey,Mumbai,Electronics,2025,70,80,74
7583,Arjun Singh,Jaipur,Information Tech,2023,66,95,78
7584,Vishal Dubey,Mumbai,Electronics,2025,90,75,78
7585,Ravi Patel,Indore,Electrical,2024,85,84,84
7586,Rahul Mehta,Mumbai,Electronics,2025,84,77,67
7587,Priya Gupta,Delhi,Mechanical,2023,88,74,82
7588,Arjun Singh,Jaipur,Information Tech,2024,72,87,84
7589,Priya Gupta,Chennai,Civil,2024,80,89,84
7590,Arjun Singh,Pune,Mechanical,2024,70,87,87
7591,Priya Gupta,Bangalore,Electronics,2024,87,73,84
7592,Sneha Reddy,Lucknow,Information Tech,2025,68,79,75
7593,Rahul Mehta,Pune,Electrical,2025,77,76,87
7594,Tanya Jain,Mumbai,IT,2023,90,92,89
7595,Karan Verma,Ahmedabad,IT,2025,67,89,87
7596,Ravi Patel,Indore,Electronics,2024,63,74,80
7597,Meera Iyer,Chennai,Civil,2024,89,73,66
7598,Meera Iyer,Hyderabad,Civil,2025,80,94,77
7599,Ravi Patel,Indore,IT,2024,70,77,84
7600,Sneha Reddy,Bangalore,Electrical,2023,62,71,71
7601,Meera Iyer,Delhi,Information Tech,2023,73,86,79
7602,Karan Verma,Mumbai,IT,2024,87,79,73
7603,Sneha Reddy,Delhi,Computer Science,2023,87,75,82
7604,Karan Verma,Indore,IT,2025,70,89,69
7605,Vishal Dubey,Chennai,Civil,2023,90,73,83
7606,Vishal Dubey,Ahmedabad,Computer Science,2023,83,74,72
7607,Meera Iyer,Ahmedabad,Civil,2024,85,94,80
7608,Sneha Reddy,Mumbai,Information Tech,2023,81,73,69
7609,Priya Gupta,Hyderabad,Electronics,2024,64,88,88
7610,Vishal Dubey,Indore,Electronics,2025,61,72,66
7611,Arjun Singh,Hyderabad,Electrical,2023,61,78,70
7612,Rahul Mehta,Indore,Information Tech,2025,75,74,76
7613,Rahul Mehta,Lucknow,Computer Science,2023,65,83,81
7614,Ravi Patel,Indore,Electrical,2024,64,92,88
7615,Ravi Patel,Mumbai,Electronics,2024,60,85,87
7616,Meera Iyer,Bangalore,Computer Science,2023,78,94,90
7617,Sneha Reddy,Delhi,Computer Science,2023,80,93,68
7618,Priya Gupta,Pune,Civil,2025,77,76,80
7619,Rahul Mehta,Lucknow,Civil,2025,71,92,88
7620,Rahul Mehta,Lucknow,Mechanical,2024,68,74,73
7621,Tanya Jain,Bangalore,IT,2024,73,72,87
7622,Ananya Sharma,Delhi,Electronics,2024,64,86,83
7623,Vishal Dubey,Bangalore,Electronics,2025,65,77,86
7624,Priya Gupta,Mumbai,Mechanical,2025,73,93,75
7625,Meera Iyer,Hyderabad,Electronics,2024,66,82,67
7626,Arjun Singh,Hyderabad,IT,2023,82,78,65
7627,Ananya Sharma,Delhi,Mechanical,2023,71,70,87
7628,Tanya Jain,Indore,Civil,2023,88,70,84
7629,Rahul Mehta,Lucknow,Computer Science,2023,65,76,67
7630,Priya Gupta,Mumbai,Computer Science,2025,74,84,66
7631,Rahul Mehta,Hyderabad,Computer Science,2023,69,73,72
7632,Ravi Patel,Jaipur,Computer Science,2025,75,74,78
7633,Tanya Jain,Lucknow,Electrical,2024,87,94,76
7634,Karan Verma,Ahmedabad,IT,2023,72,83,68
7635,Vishal Dubey,Jaipur,Mechanical,2024,86,88,78
7636,Tanya Jain,Ahmedabad,Mechanical,2025,81,87,75
7637,Rahul Mehta,Jaipur,Computer Science,2023,65,84,66
7638,Ravi Patel,Delhi,Mechanical,2023,78,83,67
7639,Priya Gupta,Jaipur,IT,2024,77,94,80
7640,Ananya Sharma,Indore,Electronics,2024,82,85,73
7641,Karan Verma,Delhi,Electrical,2023,67,87,79
7642,Priya Gupta,Hyderabad,Mechanical,2023,68,86,66
7643,Sneha Reddy,Jaipur,IT,2025,69,77,81
7644,Vishal Dubey,Pune,IT,2023,74,78,73
7645,Ananya Sharma,Delhi,Information Tech,2025,85,73,78
7646,Vishal Dubey,Jaipur,Civil,2023,61,92,67
7647,Vishal Dubey,Lucknow,Information Tech,2025,84,87,81
7648,Vishal Dubey,Ahmedabad,Information Tech,2023,62,80,75
7649,Ravi Patel,Bangalore,Information Tech,2025,84,79,89
7650,Ravi Patel,Lucknow,Computer Science,2023,66,90,89
7651,Sneha Reddy,Hyderabad,IT,2025,75,89,80
7652,Vishal Dubey,Chennai,Electronics,2025,72,91,87
7653,Meera Iyer,Delhi,Electrical,2023,84,75,77
7654,Sneha Reddy,Pune,Civil,2023,88,91,87
7655,Arjun Singh,Lucknow,IT,2023,63,84,70
7656,Sneha Reddy,Hyderabad,Computer Science,2024,60,93,88
7657,Tanya Jain,Indore,Electrical,2023,79,79,82
7658,Rahul Mehta,Bangalore,Mechanical,2025,60,84,88
7659,Ravi Patel,Indore,Information Tech,2025,65,79,87
7660,Rahul Mehta,Indore,Electronics,2025,64,95,87
7661,Vishal Dubey,Indore,Civil,2024,70,85,78
7662,Vishal Dubey,Ahmedabad,Computer Science,2025,75,90,88
7663,Ananya Sharma,Delhi,Information Tech,2023,66,89,79
7664,Karan Verma,Chennai,Electrical,2024,78,78,83
7665,Rahul Mehta,Bangalore,Electronics,2025,83,85,73
7666,Priya Gupta,Chennai,Electrical,2023,82,72,86
7667,Rahul Mehta,Chennai,IT,2024,64,87,79
7668,Priya Gupta,Lucknow,Civil,2024,62,76,66
7669,Arjun Singh,Ahmedabad,Civil,2025,87,76,88
7670,Ravi Patel,Bangalore,Computer Science,2024,89,72,75
7671,Meera Iyer,Bangalore,Information Tech,2025,87,73,76
7672,Karan Verma,Bangalore,Computer Science,2024,68,71,78
7673,Rahul Mehta,Bangalore,Computer Science,2023,60,85,71
7674,Ravi Patel,Indore,Mechanical,2025,76,88,79
7675,Tanya Jain,Ahmedabad,Mechanical,2023,64,74,71
7676,Ravi Patel,Ahmedabad,Civil,2023,69,81,80
7677,Karan Verma,Bangalore,IT,2024,62,87,74
7678,Sneha Reddy,Delhi,IT,2024,64,92,65
7679,Meera Iyer,Bangalore,Computer Science,2023,69,82,66
7680,Ananya Sharma,Ahmedabad,Civil,2023,77,76,82
7681,Rahul Mehta,Indore,Mechanical,2024,69,90,86
7682,Arjun Singh,Bangalore,IT,2023,85,95,76
7683,Rahul Mehta,Delhi,Civil,2025,73,72,77
7684,Karan Verma,Mumbai,Mechanical,2023,86,95,82
7685,Priya Gupta,Indore,IT,2024,66,71,76
7686,Meera Iyer,Bangalore,Electrical,2024,84,79,73
7687,Sneha Reddy,Chennai,Computer Science,2024,62,72,77
7688,Ananya Sharma,Hyderabad,Information Tech,2023,62,76,69
7689,Meera Iyer,Chennai,Civil,2023,65,87,68
7690,Sneha Reddy,Bangalore,Electrical,2025,74,78,72
7691,Meera Iyer,Indore,Information Tech,2025,87,72,71
7692,Rahul Mehta,Indore,Electronics,2024,78,73,79
7693,Karan Verma,Jaipur,Civil,2023,73,75,79
7694,Ananya Sharma,Indore,Mechanical,2023,64,84,78
7695,Karan Verma,Lucknow,Computer Science,2023,80,91,90
7696,Meera Iyer,Lucknow,Mechanical,2023,64,91,68
7697,Ravi Patel,Ahmedabad,Mechanical,2025,83,80,72
7698,Karan Verma,Mumbai,Information Tech,2024,79,72,73
7699,Ananya Sharma,Mumbai,IT,2024,76,93,81
7700,Sneha Reddy,Pune,Electrical,2024,71,93,79
7701,Ravi Patel,Hyderabad,Information Tech,2023,89,84,79
7702,Vishal Dubey,Chennai,Mechanical,2024,82,93,87
7703,Vishal Dubey,Jaipur,Electrical,2025,85,75,88
7704,Rahul Mehta,Delhi,Electrical,2025,65,77,78
7705,Karan Verma,Indore,Computer Science,2025,83,90,85
7706,Sneha Reddy,Chennai,Electronics,2024,82,87,75
7707,Vishal Dubey,Chennai,Mechanical,2024,87,91,75
7708,Ananya Sharma,Ahmedabad,IT,2025,89,91,87
7709,Meera Iyer,Pune,Information Tech,2025,84,74,88
7710,Ananya Sharma,Chennai,Electrical,2025,73,75,82
7711,Meera Iyer,Hyderabad,IT,2023,77,79,79
7712,Ravi Patel,Chennai,Civil,2024,60,81,66
7713,Priya Gupta,Jaipur,Electronics,2023,69,74,82
7714,Vishal Dubey,Bangalore,Mechanical,2024,84,71,66
7715,Meera Iyer,Lucknow,Mechanical,2025,60,71,73
7716,Ravi Patel,Hyderabad,Information Tech,2025,81,73,73
7717,Sneha Reddy,Delhi,IT,2024,87,88,76
7718,Tanya Jain,Pune,Computer Science,2023,62,90,81
7719,Rahul Mehta,Delhi,IT,2023,69,92,74
7720,Tanya Jain,Lucknow,Computer Science,2024,88,75,70
7721,Arjun Singh,Lucknow,Electronics,2023,86,89,76
7722,Sneha Reddy,Jaipur,Computer Science,2023,65,79,69
7723,Vishal Dubey,Pune,Mechanical,2025,73,92,81
7724,Ravi Patel,Chennai,Computer Science,2024,75,85,76
7725,Ananya Sharma,Chennai,Electronics,2024,88,78,71
7726,Meera Iyer,Hyderabad,Electrical,2023,70,76,86
7727,Sneha Reddy,Pune,Civil,2025,67,92,73
7728,Vishal Dubey,Pune,Civil,2024,61,83,80
7729,Meera Iyer,Ahmedabad,Electrical,2024,86,80,80
7730,Meera Iyer,Chennai,Information Tech,2025,85,78,73
7731,Meera Iyer,Mumbai,Civil,2024,76,73,66
7732,Vishal Dubey,Delhi,Electronics,2023,70,77,75
7733,Arjun Singh,Jaipur,Mechanical,2024,86,95,71
7734,Rahul Mehta,Ahmedabad,Electronics,2023,62,87,89
7735,Ananya Sharma,Ahmedabad,Electronics,2023,61,79,81
7736,Ravi Patel,Hyderabad,Electronics,2023,76,93,89
7737,Priya Gupta,Chennai,Civil,2023,70,91,85
7738,Tanya Jain,Bangalore,Information Tech,2023,79,75,69
7739,Meera Iyer,Mumbai,Electronics,2024,79,95,86
7740,Priya Gupta,Hyderabad,Electrical,2024,74,82,73
7741,Ravi Patel,Jaipur,Electrical,2024,78,82,80
7742,Ravi Patel,Pune,Electronics,2025,81,93,89
7743,Ananya Sharma,Mumbai,Mechanical,2025,85,89,86
7744,Ravi Patel,Ahmedabad,Computer Science,2025,86,80,86
7745,Arjun Singh,Ahmedabad,Civil,2024,82,91,81
7746,Arjun Singh,Pune,IT,2024,85,84,89
7747,Rahul Mehta,Hyderabad,Computer Science,2023,74,71,77
7748,Meera Iyer,Hyderabad,Information Tech,2023,66,95,69
7749,Sneha Reddy,Chennai,IT,2023,85,93,86
7750,Ravi Patel,Bangalore,Mechanical,2023,80,73,76
7751,Arjun Singh,Jaipur,Information Tech,2024,85,86,68
7752,Priya Gupta,Chennai,IT,2023,81,91,79
7753,Priya Gupta,Chennai,IT,2025,78,85,76
7754,Sneha Reddy,Delhi,Computer Science,2025,77,80,78
7755,Ananya Sharma,Lucknow,Civil,2023,80,75,70
7756,Tanya Jain,Hyderabad,Information Tech,2023,63,76,74
7757,Meera Iyer,Bangalore,Information Tech,2023,64,93,79
7758,Ananya Sharma,Chennai,Electrical,2023,86,85,86
7759,Sneha Reddy,Ahmedabad,Computer Science,2024,85,88,78
7760,Rahul Mehta,Chennai,Civil,2023,78,90,74
7761,Meera Iyer,Delhi,Electrical,2024,65,73,74
7762,Sneha Reddy,Lucknow,Information Tech,2024,75,82,68
7763,Vishal Dubey,Delhi,Civil,2025,70,77,70
7764,Ravi Patel,Lucknow,Civil,2024,72,83,74
7765,Tanya Jain,Hyderabad,Electronics,2025,76,91,80
7766,Priya Gupta,Indore,Electrical,2024,60,71,84
7767,Vishal Dubey,Pune,Information Tech,2024,68,81,73
7768,Vishal Dubey,Indore,Electrical,2023,88,80,76
7769,Ravi Patel,Chennai,IT,2023,65,82,88
7770,Karan Verma,Pune,Computer Science,2024,89,77,83
7771,Sneha Reddy,Mumbai,Civil,2024,85,84,82
7772,Vishal Dubey,Bangalore,IT,2023,61,93,80
7773,Vishal Dubey,Pune,Mechanical,2025,61,89,90
7774,Karan Verma,Chennai,IT,2023,66,75,68
7775,Tanya Jain,Bangalore,Electronics,2024,90,74,85
7776,Priya Gupta,Indore,Information Tech,2025,79,84,80
7777,Meera Iyer,Chennai,Mechanical,2024,77,86,72
7778,Meera Iyer,Bangalore,Electrical,2024,67,92,85
7779,Ananya Sharma,Hyderabad,Computer Science,2024,90,90,85
7780,Sneha Reddy,Delhi,Electronics,2025,67,88,78
7781,Arjun Singh,Ahmedabad,Mechanical,2023,73,92,80
7782,Vishal Dubey,Chennai,Mechanical,2023,68,81,71
7783,Ravi Patel,Pune,Electrical,2023,84,91,88
7784,Arjun Singh,Indore,Information Tech,2023,69,92,89
7785,Rahul Mehta,Chennai,IT,2023,83,94,82
7786,Rahul Mehta,Pune,Electronics,2023,89,76,72
7787,Sneha Reddy,Delhi,Computer Science,2024,78,71,74
7788,Ananya Sharma,Jaipur,IT,2025,80,76,65
7789,Ravi Patel,Lucknow,Civil,2025,70,85,88
7790,Tanya Jain,Bangalore,Electrical,2024,84,85,78
7791,Sneha Reddy,Bangalore,Electronics,2023,67,89,82
7792,Vishal Dubey,Chennai,IT,2023,80,79,83
7793,Ravi Patel,Hyderabad,Mechanical,2025,89,92,75
7794,Rahul Mehta,Pune,Electrical,2024,74,87,69
7795,Arjun Singh,Jaipur,Mechanical,2025,86,90,85
7796,Rahul Mehta,Jaipur,Electrical,2024,88,76,80
7797,Priya Gupta,Indore,Electrical,2025,72,95,79
7798,Meera Iyer,Jaipur,Mechanical,2025,71,94,66
7799,Sneha Reddy,Hyderabad,Electronics,2023,60,95,85
7800,Priya Gupta,Ahmedabad,Computer Science,2023,70,77,84
7801,Arjun Singh,Pune,Civil,2023,81,84,81
7802,Ravi Patel,Hyderabad,Electrical,2023,85,90,86
7803,Ananya Sharma,Bangalore,Civil,2025,65,90,83
7804,Karan Verma,Mumbai,Electronics,2025,66,75,84
7805,Meera Iyer,Indore,Mechanical,2025,87,82,89
7806,Ananya Sharma,Indore,Information Tech,2024,72,81,74
7807,Vishal Dubey,Indore,Computer Science,2025,87,80,77
7808,Karan Verma,Chennai,Mechanical,2023,85,91,83
7809,Rahul Mehta,Delhi,Mechanical,2023,90,75,74
7810,Vishal Dubey,Hyderabad,Computer Science,2024,76,81,85
7811,Priya Gupta,Jaipur,IT,2024,63,76,88
7812,Arjun Singh,Chennai,Information Tech,2023,68,76,71
7813,Arjun Singh,Delhi,Civil,2023,73,79,78
7814,Tanya Jain,Ahmedabad,Information Tech,2023,75,85,75
7815,Ananya Sharma,Pune,Computer Science,2025,71,70,90
7816,Karan Verma,Pune,Electrical,2023,75,94,79
7817,Karan Verma,Lucknow,Information Tech,2024,75,81,78
7818,Karan Verma,Ahmedabad,Civil,2025,70,78,85
7819,Tanya Jain,Hyderabad,Information Tech,2024,74,91,82
7820,Rahul Mehta,Delhi,Information Tech,2024,69,93,73
7821,Ananya Sharma,Hyderabad,IT,2024,65,78,83
7822,Ananya Sharma,Mumbai,Civil,2025,74,89,84
7823,Tanya Jain,Mumbai,Electrical,2024,86,75,87
7824,Rahul Mehta,Delhi,Electronics,2024,77,82,86
7825,Ananya Sharma,Delhi,IT,2023,67,91,87
7826,Ravi Patel,Hyderabad,Civil,2024,69,78,74
7827,Tanya Jain,Jaipur,Electrical,2023,72,89,67
7828,Sneha Reddy,Indore,Mechanical,2023,75,90,75
7829,Meera Iyer,Delhi,Mechanical,2025,61,81,87
7830,Arjun Singh,Jaipur,Computer Science,2025,61,76,75
7831,Vishal Dubey,Hyderabad,IT,2023,89,77,68
7832,Meera Iyer,Chennai,Electrical,2025,71,73,69
7833,Arjun Singh,Delhi,Civil,2023,85,91,69
7834,Tanya Jain,Indore,Electrical,2025,77,93,89
7835,Rahul Mehta,Mumbai,Mechanical,2025,63,87,82
7836,Ravi Patel,Lucknow,Mechanical,2024,73,84,80
7837,Karan Verma,Bangalore,Electrical,2023,74,90,71
7838,Sneha Reddy,Hyderabad,Computer Science,2023,80,90,67
7839,Priya Gupta,Ahmedabad,Information Tech,2023,88,92,78
7840,Vishal Dubey,Ahmedabad,IT,2024,60,94,88
7841,Ananya Sharma,Mumbai,Electronics,2024,78,73,82
7842,Vishal Dubey,Lucknow,Civil,2023,81,90,75
7843,Ravi Patel,Delhi,Computer Science,2024,63,91,70
7844,Sneha Reddy,Lucknow,Computer Science,2024,67,74,84
7845,Karan Verma,Hyderabad,Computer Science,2024,90,93,70
7846,Vishal Dubey,Chennai,Computer Science,2023,81,79,88
7847,Sneha Reddy,Bangalore,Computer Science,2023,67,81,80
7848,Karan Verma,Chennai,Mechanical,2024,86,88,88
7849,Priya Gupta,Chennai,Civil,2023,66,79,70
7850,Tanya Jain,Delhi,IT,2025,86,82,75
7851,Karan Verma,Pune,Mechanical,2024,81,84,90
7852,Arjun Singh,Chennai,Mechanical,2024,88,78,80
7853,Tanya Jain,Jaipur,Civil,2025,70,78,67
7854,Sneha Reddy,Bangalore,Information Tech,2023,77,86,83
7855,Arjun Singh,Bangalore,Civil,2025,78,82,82
7856,Karan Verma,Indore,Mechanical,2025,89,83,82
7857,Priya Gupta,Mumbai,Civil,2025,75,93,81
7858,Ravi Patel,Hyderabad,Electronics,2023,80,84,88
7859,Meera Iyer,Mumbai,Information Tech,2023,69,79,70
7860,Meera Iyer,Lucknow,IT,2024,65,91,82
7861,Priya Gupta,Chennai,IT,2023,84,82,72
7862,Meera Iyer,Ahmedabad,Electronics,2024,73,95,81
7863,Meera Iyer,Chennai,Electronics,2023,87,90,89
7864,Arjun Singh,Hyderabad,IT,2025,65,86,72
7865,Rahul Mehta,Hyderabad,IT,2024,89,74,75
7866,Arjun Singh,Indore,Computer Science,2025,77,72,74
7867,Ravi Patel,Pune,Computer Science,2023,84,76,83
7868,Ravi Patel,Mumbai,Electrical,2024,84,89,70
7869,Vishal Dubey,Indore,Mechanical,2025,84,82,73
7870,Vishal Dubey,Hyderabad,Information Tech,2025,75,84,75
7871,Sneha Reddy,Bangalore,Electronics,2025,81,88,81
7872,Karan Verma,Ahmedabad,Mechanical,2023,75,80,70
7873,Arjun Singh,Jaipur,Mechanical,2023,77,87,78
7874,Tanya Jain,Hyderabad,Electronics,2024,77,86,84
7875,Tanya Jain,Pune,Electronics,2025,71,81,82
7876,Arjun Singh,Lucknow,Computer Science,2025,77,74,71
7877,Rahul Mehta,Hyderabad,Electronics,2023,81,85,66
7878,Priya Gupta,Indore,Mechanical,2023,84,75,81
7879,Arjun Singh,Bangalore,Mechanical,2024,84,78,69
7880,Tanya Jain,Indore,Mechanical,2024,86,74,83
7881,Ananya Sharma,Hyderabad,Mechanical,2025,87,91,66
7882,Vishal Dubey,Lucknow,Computer Science,2024,69,84,85
7883,Karan Verma,Hyderabad,IT,2024,69,85,84
7884,Vishal Dubey,Ahmedabad,IT,2023,86,91,87
7885,Rahul Mehta,Delhi,Computer Science,2025,61,93,71
7886,Karan Verma,Pune,Electrical,2023,88,77,72
7887,Arjun Singh,Jaipur,Computer Science,2024,60,73,84
7888,Ravi Patel,Ahmedabad,Computer Science,2025,80,76,89
7889,Vishal Dubey,Ahmedabad,Information Tech,2025,88,79,70
7890,Vishal Dubey,Pune,Electrical,2024,65,72,88
7891,Arjun Singh,Hyderabad,Electronics,2025,78,72,75
7892,Sneha Reddy,Lucknow,Electrical,2024,67,92,76
7893,Priya Gupta,Delhi,Mechanical,2025,71,91,77
7894,Rahul Mehta,Ahmedabad,Electronics,2025,65,78,88
7895,Ravi Patel,Bangalore,Electronics,2023,61,80,75
7896,Meera Iyer,Ahmedabad,Information Tech,2023,84,72,72
7897,Ravi Patel,Pune,Electrical,2024,66,78,79
7898,Arjun Singh,Indore,Mechanical,2025,63,79,80
7899,Karan Verma,Delhi,Electrical,2024,76,83,90
7900,Meera Iyer,Jaipur,IT,2024,90,74,74
7901,Ananya Sharma,Hyderabad,Computer Science,2025,71,93,88
7902,Priya Gupta,Hyderabad,Electrical,2025,64,72,83
7903,Vishal Dubey,Ahmedabad,Information Tech,2025,75,95,77
7904,Tanya Jain,Bangalore,Information Tech,2024,77,70,76
7905,Karan Verma,Hyderabad,IT,2023,86,74,82
7906,Karan Verma,Delhi,Computer Science,2025,71,88,66
7907,Vishal Dubey,Chennai,Electronics,2023,87,82,78
7908,Vishal Dubey,Delhi,Electrical,2025,83,76,90
7909,Tanya Jain,Pune,Mechanical,2023,88,77,81
7910,Ananya Sharma,Delhi,Information Tech,2024,71,95,87
7911,Ravi Patel,Mumbai,Civil,2023,74,88,79
7912,Ananya Sharma,Hyderabad,Information Tech,2024,84,94,87
7913,Sneha Reddy,Pune,IT,2025,74,74,66
7914,Karan Verma,Lucknow,Electrical,2023,74,84,83
7915,Rahul Mehta,Indore,IT,2024,83,72,66
7916,Ananya Sharma,Pune,Civil,2023,82,79,77
7917,Vishal Dubey,Ahmedabad,Mechanical,2023,83,80,77
7918,Priya Gupta,Chennai,Electronics,2025,83,91,79
7919,Arjun Singh,Jaipur,Electrical,2023,68,84,86
7920,Ananya Sharma,Indore,Computer Science,2023,82,72,86
7921,Karan Verma,Bangalore,Electronics,2025,84,87,86
7922,Ananya Sharma,Jaipur,Information Tech,2025,65,82,80
7923,Priya Gupta,Indore,Computer Science,2023,75,80,75
7924,Arjun Singh,Hyderabad,Information Tech,2023,89,88,88
7925,Meera Iyer,Delhi,Civil,2023,79,82,73
7926,Arjun Singh,Hyderabad,IT,2025,63,71,85
7927,Tanya Jain,Mumbai,Mechanical,2025,62,78,85
7928,Rahul Mehta,Lucknow,Electrical,2025,63,73,77
7929,Arjun Singh,Ahmedabad,Civil,2024,76,73,68
7930,Vishal Dubey,Pune,Civil,2023,82,72,86
7931,Meera Iyer,Delhi,IT,2024,79,91,86
7932,Tanya Jain,Chennai,Mechanical,2025,71,91,67
7933,Priya Gupta,Jaipur,IT,2025,80,81,90
7934,Ravi Patel,Bangalore,Electrical,2023,65,84,74
7935,Meera Iyer,Jaipur,IT,2023,84,72,89
7936,Meera Iyer,Lucknow,Mechanical,2024,74,81,79
7937,Priya Gupta,Pune,IT,2023,67,74,85
7938,Arjun Singh,Lucknow,Electronics,2023,63,90,68
7939,Priya Gupta,Bangalore,Civil,2023,62,82,69
7940,Sneha Reddy,Bangalore,Information Tech,2025,85,90,74
7941,Priya Gupta,Chennai,IT,2024,73,91,65
7942,Rahul Mehta,Chennai,Electrical,2025,78,77,81
7943,Sneha Reddy,Delhi,Information Tech,2025,86,77,79
7944,Karan Verma,Chennai,Information Tech,2024,78,90,70
7945,Rahul Mehta,Chennai,IT,2025,79,77,77
7946,Ananya Sharma,Delhi,Civil,2023,80,82,76
7947,Meera Iyer,Hyderabad,Computer Science,2025,65,76,88
7948,Priya Gupta,Hyderabad,Mechanical,2024,87,84,67
7949,Meera Iyer,Pune,Electronics,2024,83,91,78
7950,Tanya Jain,Lucknow,Mechanical,2025,65,75,71
7951,Rahul Mehta,Indore,Electronics,2023,84,76,89
7952,Priya Gupta,Jaipur,IT,2023,79,86,79
7953,Rahul Mehta,Hyderabad,Information Tech,2025,64,75,67
7954,Ravi Patel,Indore,Mechanical,2024,89,93,77
7955,Arjun Singh,Pune,Mechanical,2023,72,82,84
7956,Rahul Mehta,Jaipur,Civil,2023,68,93,83
7957,Ravi Patel,Chennai,Computer Science,2025,85,88,75
7958,Tanya Jain,Indore,IT,2025,87,94,88
7959,Meera Iyer,Jaipur,Mechanical,2025,84,94,69
7960,Arjun Singh,Hyderabad,Information Tech,2025,86,76,87
7961,Vishal Dubey,Bangalore,Computer Science,2025,75,74,80
7962,Karan Verma,Jaipur,Information Tech,2024,78,85,83
7963,Arjun Singh,Lucknow,Computer Science,2024,90,80,71
7964,Priya Gupta,Bangalore,Civil,2024,86,77,69
7965,Arjun Singh,Jaipur,IT,2024,61,76,66
7966,Rahul Mehta,Jaipur,Computer Science,2025,78,75,74
7967,Sneha Reddy,Chennai,IT,2023,85,81,77
7968,Ravi Patel,Jaipur,Information Tech,2024,86,88,84
7969,Priya Gupta,Pune,Mechanical,2023,83,78,84
7970,Rahul Mehta,Mumbai,Electronics,2025,79,88,87
7971,Karan Verma,Bangalore,Electrical,2024,71,81,75
7972,Meera Iyer,Chennai,Electronics,2023,61,93,79
7973,Sneha Reddy,Indore,Civil,2023,64,89,82
7974,Vishal Dubey,Chennai,Electrical,2023,79,71,74
7975,Karan Verma,Indore,Electronics,2023,78,89,83
7976,Ravi Patel,Mumbai,Computer Science,2024,75,89,87
7977,Tanya Jain,Bangalore,Electronics,2023,61,87,76
7978,Meera Iyer,Delhi,Electrical,2025,86,88,85
7979,Karan Verma,Bangalore,Civil,2023,90,76,72
7980,Vishal Dubey,Hyderabad,Information Tech,2024,74,92,71
7981,Arjun Singh,Hyderabad,IT,2023,82,75,77
7982,Arjun Singh,Chennai,IT,2025,73,80,75
7983,Arjun Singh,Jaipur,Civil,2025,78,76,79
7984,Vishal Dubey,Jaipur,IT,2024,87,90,77
7985,Vishal Dubey,Hyderabad,Information Tech,2024,80,83,78
7986,Sneha Reddy,Jaipur,Civil,2025,72,72,86
7987,Sneha Reddy,Pune,Civil,2024,84,86,66
7988,Karan Verma,Delhi,Electrical,2024,60,76,68
7989,Priya Gupta,Jaipur,Electrical,2025,65,78,88
7990,Sneha Reddy,Indore,Mechanical,2024,89,81,67
7991,Vishal Dubey,Delhi,Mechanical,2023,63,79,89
7992,Priya Gupta,Delhi,Mechanical,2023,77,87,84
7993,Meera Iyer,Indore,IT,2024,76,80,84
7994,Sneha Reddy,Hyderabad,Electrical,2025,66,90,73
7995,Karan Verma,Bangalore,Computer Science,2024,77,80,71
7996,Sneha Reddy,Jaipur,Electrical,2024,61,81,82
7997,Meera Iyer,Indore,Information Tech,2025,77,81,88
7998,Tanya Jain,Pune,Information Tech,2023,87,86,79
7999,Arjun Singh,Bangalore,Electrical,2023,74,70,76
8000,Tanya Jain,Bangalore,Electrical,2025,82,95,83
8001,Ananya Sharma,Chennai,Mechanical,2023,64,90,90
8002,Meera Iyer,Hyderabad,Information Tech,2023,73,73,67
8003,Priya Gupta,Chennai,Electrical,2024,71,82,89
8004,Sneha Reddy,Jaipur,Electronics,2025,83,87,79
8005,Ravi Patel,Delhi,Mechanical,2025,87,81,84
8006,Ananya Sharma,Delhi,Information Tech,2025,74,94,70
8007,Sneha Reddy,Bangalore,Civil,2025,77,91,73
8008,Sneha Reddy,Pune,Information Tech,2025,79,79,66
8009,Karan Verma,Ahmedabad,Civil,2024,66,78,88
8010,Rahul Mehta,Ahmedabad,Electronics,2024,83,90,90
8011,Ananya Sharma,Chennai,Computer Science,2024,66,82,74
8012,Tanya Jain,Pune,Mechanical,2024,72,93,68
8013,Priya Gupta,Lucknow,Electronics,2023,78,92,80
8014,Tanya Jain,Jaipur,Information Tech,2024,60,84,73
8015,Vishal Dubey,Indore,Mechanical,2024,64,83,68
8016,Tanya Jain,Delhi,Information Tech,2025,81,90,78
8017,Karan Verma,Hyderabad,Electronics,2025,70,70,72
8018,Ananya Sharma,Bangalore,Electronics,2023,75,89,70
8019,Karan Verma,Mumbai,Mechanical,2024,84,86,86
8020,Ananya Sharma,Mumbai,Civil,2024,80,88,82
8021,Rahul Mehta,Mumbai,Mechanical,2024,88,75,80
8022,Karan Verma,Jaipur,Mechanical,2023,76,71,78
8023,Vishal Dubey,Mumbai,Computer Science,2024,64,79,69
8024,Sneha Reddy,Pune,Computer Science,2023,87,72,77
8025,Ravi Patel,Hyderabad,Electronics,2025,88,83,82
8026,Arjun Singh,Chennai,Civil,2025,69,89,86
8027,Ravi Patel,Jaipur,Mechanical,2025,61,72,70
8028,Meera Iyer,Lucknow,Mechanical,2023,73,71,69
8029,Sneha Reddy,Bangalore,Computer Science,2025,69,75,82
8030,Ravi Patel,Ahmedabad,Computer Science,2023,73,85,90
8031,Priya Gupta,Pune,Electrical,2024,66,77,82
8032,Meera Iyer,Ahmedabad,Electronics,2025,73,77,85
8033,Priya Gupta,Mumbai,Electronics,2023,70,77,78
8034,Vishal Dubey,Bangalore,Mechanical,2023,70,90,82
8035,Tanya Jain,Mumbai,Information Tech,2024,86,72,82
8036,Ananya Sharma,Pune,Information Tech,2025,67,94,87
8037,Tanya Jain,Indore,Electrical,2024,74,76,89
8038,Sneha Reddy,Delhi,Electronics,2023,79,87,68
8039,Ravi Patel,Indore,Mechanical,2025,87,89,78
8040,Rahul Mehta,Pune,IT,2025,66,93,67
8041,Arjun Singh,Delhi,Civil,2024,70,90,79
8042,Ravi Patel,Ahmedabad,Electrical,2024,89,85,89
8043,Ravi Patel,Ahmedabad,Civil,2023,72,79,74
8044,Karan Verma,Hyderabad,IT,2023,87,73,70
8045,Meera Iyer,Bangalore,Information Tech,2024,65,91,81
8046,Tanya Jain,Jaipur,Computer Science,2023,76,75,71
8047,Arjun Singh,Lucknow,Mechanical,2025,78,85,76
8048,Karan Verma,Jaipur,Mechanical,2024,64,73,88
8049,Vishal Dubey,Jaipur,Electronics,2024,62,81,66
8050,Ananya Sharma,Jaipur,Electrical,2023,63,82,70
8051,Ananya Sharma,Pune,IT,2023,86,92,67
8052,Sneha Reddy,Ahmedabad,Information Tech,2023,83,79,83
8053,Meera Iyer,Indore,IT,2024,70,87,90
8054,Ravi Patel,Delhi,Computer Science,2024,77,77,87
8055,Arjun Singh,Bangalore,Civil,2023,66,73,66
8056,Priya Gupta,Lucknow,Mechanical,2025,82,71,82
8057,Priya Gupta,Jaipur,Mechanical,2025,84,77,75
8058,Rahul Mehta,Bangalore,Mechanical,2024,89,91,71
8059,Sneha Reddy,Mumbai,Computer Science,2024,87,74,66
8060,Tanya Jain,Delhi,Electronics,2025,65,74,87
8061,Priya Gupta,Pune,Electrical,2024,68,88,67
8062,Meera Iyer,Pune,Computer Science,2024,65,89,67
8063,Tanya Jain,Bangalore,Information Tech,2024,69,72,72
8064,Karan Verma,Bangalore,Electronics,2023,72,92,71
8065,Sneha Reddy,Indore,Civil,2024,80,87,86
8066,Rahul Mehta,Mumbai,Computer Science,2025,86,70,79
8067,Meera Iyer,Mumbai,Civil,2024,86,85,86
8068,Arjun Singh,Bangalore,Civil,2023,84,70,67
8069,Ravi Patel,Bangalore,IT,2025,77,87,71
8070,Karan Verma,Hyderabad,Electrical,2023,64,85,76
8071,Meera Iyer,Mumbai,Civil,2024,87,74,67
8072,Sneha Reddy,Indore,Computer Science,2023,83,83,70
8073,Priya Gupta,Indore,Information Tech,2023,77,88,76
8074,Karan Verma,Ahmedabad,Mechanical,2025,69,75,82
8075,Karan Verma,Delhi,Mechanical,2023,75,89,85
8076,Arjun Singh,Lucknow,IT,2024,81,70,83
8077,Ananya Sharma,Indore,IT,2025,64,71,75
8078,Arjun Singh,Hyderabad,Civil,2024,86,84,80
8079,Meera Iyer,Bangalore,Electrical,2023,86,78,71
8080,Rahul Mehta,Jaipur,Mechanical,2024,60,91,74
8081,Rahul Mehta,Hyderabad,Electronics,2024,86,74,81
8082,Ravi Patel,Chennai,Mechanical,2024,76,72,84
8083,Arjun Singh,Chennai,IT,2024,69,92,88
8084,Rahul Mehta,Pune,Civil,2023,62,79,77
8085,Arjun Singh,Ahmedabad,Electronics,2023,73,87,83
8086,Vishal Dubey,Indore,IT,2025,76,91,67
8087,Arjun Singh,Delhi,Electronics,2024,80,81,72
8088,Arjun Singh,Indore,Computer Science,2024,82,79,70
8089,Priya Gupta,Delhi,Electrical,2024,72,72,84
8090,Arjun Singh,Pune,Electrical,2023,65,86,84
8091,Meera Iyer,Ahmedabad,Civil,2023,80,74,66
8092,Rahul Mehta,Lucknow,Civil,2025,71,81,84
8093,Vishal Dubey,Indore,Computer Science,2025,80,87,67
8094,Karan Verma,Chennai,IT,2025,83,89,69
8095,Priya Gupta,Ahmedabad,Mechanical,2024,61,91,71
8096,Sneha Reddy,Ahmedabad,Civil,2025,76,74,90
8097,Ravi Patel,Bangalore,Mechanical,2023,64,88,85
8098,Rahul Mehta,Hyderabad,Computer Science,2024,86,88,79
8099,Tanya Jain,Ahmedabad,Computer Science,2025,65,82,69
8100,Meera Iyer,Jaipur,Civil,2023,86,88,88
8101,Ravi Patel,Mumbai,Electronics,2024,85,82,66
8102,Sneha Reddy,Jaipur,Mechanical,2024,70,75,79
8103,Rahul Mehta,Lucknow,Mechanical,2024,62,87,77
8104,Karan Verma,Jaipur,Civil,2025,69,89,84
8105,Vishal Dubey,Mumbai,IT,2024,65,83,66
8106,Rahul Mehta,Ahmedabad,Information Tech,2025,70,82,77
8107,Sneha Reddy,Pune,Electrical,2024,84,87,90
8108,Sneha Reddy,Bangalore,Information Tech,2024,84,85,83
8109,Ravi Patel,Lucknow,Electrical,2025,78,77,89
8110,Ravi Patel,Mumbai,Information Tech,2025,68,83,87
8111,Rahul Mehta,Jaipur,IT,2024,75,93,88
8112,Tanya Jain,Jaipur,Civil,2023,86,90,74
8113,Arjun Singh,Pune,Mechanical,2024,76,70,87
8114,Meera Iyer,Jaipur,Electrical,2024,73,73,72
8115,Ravi Patel,Mumbai,Civil,2023,71,88,83
8116,Rahul Mehta,Hyderabad,Electrical,2023,78,86,77
8117,Vishal Dubey,Jaipur,Civil,2023,69,74,89
8118,Sneha Reddy,Pune,IT,2023,71,77,86
8119,Rahul Mehta,Jaipur,IT,2023,73,77,74
8120,Ravi Patel,Lucknow,Mechanical,2024,84,79,75
8121,Rahul Mehta,Indore,Information Tech,2025,81,82,90
8122,Karan Verma,Ahmedabad,Computer Science,2024,82,90,72
8123,Ravi Patel,Lucknow,Civil,2023,78,79,78
8124,Priya Gupta,Bangalore,Computer Science,2025,73,76,82
8125,Tanya Jain,Mumbai,Civil,2023,81,89,71
8126,Meera Iyer,Jaipur,Electrical,2024,88,84,68
8127,Ananya Sharma,Mumbai,Electronics,2024,83,79,82
8128,Ananya Sharma,Indore,Civil,2023,71,94,69
8129,Meera Iyer,Bangalore,Electronics,2025,73,78,83
8130,Arjun Singh,Mumbai,Mechanical,2024,83,91,87
8131,Karan Verma,Chennai,Mechanical,2024,61,89,71
8132,Arjun Singh,Bangalore,Computer Science,2025,86,91,73
8133,Priya Gupta,Chennai,Information Tech,2025,84,89,69
8134,Karan Verma,Ahmedabad,Civil,2024,60,80,65
8135,Priya Gupta,Bangalore,Computer Science,2025,87,89,65
8136,Tanya Jain,Bangalore,IT,2023,63,90,66
8137,Sneha Reddy,Delhi,Computer Science,2025,80,86,77
8138,Karan Verma,Hyderabad,Information Tech,2024,79,75,89
8139,Ravi Patel,Jaipur,Mechanical,2023,68,85,68
8140,Ananya Sharma,Lucknow,Information Tech,2023,84,91,88
8141,Priya Gupta,Pune,IT,2023,68,74,84
8142,Ravi Patel,Ahmedabad,Computer Science,2024,87,80,79
8143,Ravi Patel,Mumbai,Electrical,2024,64,75,89
8144,Ravi Patel,Pune,IT,2025,70,74,87
8145,Karan Verma,Hyderabad,Information Tech,2025,60,87,88
8146,Rahul Mehta,Jaipur,IT,2023,69,94,80
8147,Arjun Singh,Jaipur,Electronics,2024,80,83,78
8148,Vishal Dubey,Hyderabad,Electronics,2024,64,88,89
8149,Rahul Mehta,Delhi,Civil,2023,81,91,73
8150,Arjun Singh,Chennai,Electronics,2024,86,88,73
8151,Rahul Mehta,Chennai,Electronics,2024,61,87,79
8152,Priya Gupta,Ahmedabad,Electronics,2023,77,71,78
8153,Sneha Reddy,Mumbai,Electrical,2023,78,91,81
8154,Arjun Singh,Mumbai,Civil,2023,90,94,78
8155,Tanya Jain,Chennai,Computer Science,2025,66,78,79
8156,Meera Iyer,Lucknow,Civil,2023,66,86,83
8157,Vishal Dubey,Indore,Civil,2025,86,74,76
8158,Arjun Singh,Mumbai,IT,2025,89,90,76
8159,Karan Verma,Delhi,Computer Science,2025,87,91,68
8160,Rahul Mehta,Bangalore,Computer Science,2023,77,81,79
8161,Rahul Mehta,Jaipur,Mechanical,2024,88,81,88
8162,Ravi Patel,Ahmedabad,Civil,2025,67,72,88
8163,Sneha Reddy,Hyderabad,Information Tech,2025,89,77,78
8164,Vishal Dubey,Indore,IT,2023,71,77,70
8165,Ravi Patel,Chennai,Information Tech,2023,69,73,85
8166,Ananya Sharma,Jaipur,Electrical,2025,71,79,68
8167,Karan Verma,Jaipur,Civil,2024,67,71,73
8168,Tanya Jain,Mumbai,Electronics,2023,62,80,69
8169,Ananya Sharma,Delhi,Mechanical,2023,89,85,69
8170,Karan Verma,Delhi,Civil,2025,67,81,70
8171,Tanya Jain,Delhi,Computer Science,2025,81,74,74
8172,Ravi Patel,Hyderabad,Information Tech,2025,69,80,78
8173,Ravi Patel,Pune,IT,2023,77,87,89
8174,Rahul Mehta,Bangalore,Electronics,2025,75,80,73
8175,Meera Iyer,Jaipur,Electronics,2024,86,71,85
8176,Ananya Sharma,Ahmedabad,Information Tech,2025,70,94,78
8177,Vishal Dubey,Ahmedabad,Electronics,2023,85,91,77
8178,Vishal Dubey,Ahmedabad,Electronics,2025,88,88,74
8179,Sneha Reddy,Pune,Civil,2024,60,83,73
8180,Karan Verma,Delhi,Information Tech,2023,81,93,68
8181,Ananya Sharma,Lucknow,Electrical,2025,78,76,81
8182,Arjun Singh,Lucknow,Electrical,2023,73,75,83
8183,Karan Verma,Mumbai,Mechanical,2024,84,86,83
8184,Karan Verma,Indore,Electronics,2023,87,84,81
8185,Priya Gupta,Indore,Information Tech,2023,81,95,71
8186,Arjun Singh,Chennai,Mechanical,2025,69,82,87
8187,Karan Verma,Hyderabad,Electronics,2023,69,80,85
8188,Ananya Sharma,Hyderabad,Civil,2025,77,90,82
8189,Tanya Jain,Lucknow,Information Tech,2025,75,94,68
8190,Karan Verma,Delhi,Mechanical,2023,61,72,85
8191,Tanya Jain,Jaipur,IT,2024,76,75,69
8192,Priya Gupta,Pune,IT,2023,77,86,79
8193,Meera Iyer,Delhi,Electrical,2024,62,90,88
8194,Ananya Sharma,Chennai,Computer Science,2023,70,84,79
8195,Meera Iyer,Bangalore,IT,2025,77,77,77
8196,Vishal Dubey,Chennai,Electronics,2024,83,82,70
8197,Ravi Patel,Delhi,IT,2025,73,86,71
8198,Tanya Jain,Pune,Civil,2025,63,86,70
8199,Ravi Patel,Bangalore,Mechanical,2023,72,79,72
8200,Sneha Reddy,Delhi,Mechanical,2023,86,84,74
8201,Tanya Jain,Ahmedabad,Civil,2023,76,94,79
8202,Priya Gupta,Hyderabad,IT,2024,80,72,85
8203,Karan Verma,Chennai,Electrical,2024,73,93,66
8204,Tanya Jain,Hyderabad,Information Tech,2024,74,79,82
8205,Ravi Patel,Ahmedabad,Information Tech,2025,86,78,90
8206,Ananya Sharma,Chennai,Electronics,2024,89,80,79
8207,Karan Verma,Jaipur,Electrical,2024,77,80,79
8208,Rahul Mehta,Indore,Civil,2025,60,80,67
8209,Vishal Dubey,Ahmedabad,Computer Science,2023,85,74,88
8210,Rahul Mehta,Chennai,Civil,2023,81,70,77
8211,Ananya Sharma,Chennai,Civil,2024,72,80,77
8212,Meera Iyer,Mumbai,Electronics,2025,63,84,70
8213,Arjun Singh,Lucknow,Mechanical,2024,80,82,85
8214,Arjun Singh,Jaipur,Computer Science,2025,73,83,71
8215,Rahul Mehta,Jaipur,Computer Science,2025,71,75,80
8216,Tanya Jain,Mumbai,Computer Science,2023,68,76,81
8217,Karan Verma,Ahmedabad,Electronics,2023,65,74,77
8218,Meera Iyer,Hyderabad,Information Tech,2023,86,95,74
8219,Ravi Patel,Ahmedabad,Civil,2025,78,75,75
8220,Karan Verma,Ahmedabad,Electrical,2023,61,93,66
8221,Ravi Patel,Chennai,Civil,2025,63,84,85
8222,Rahul Mehta,Pune,Computer Science,2024,74,81,73
8223,Arjun Singh,Hyderabad,Information Tech,2024,84,93,66
8224,Arjun Singh,Indore,Electrical,2025,89,88,79
8225,Sneha Reddy,Delhi,Civil,2024,80,81,86
8226,Ananya Sharma,Bangalore,Civil,2025,71,93,67
8227,Ravi Patel,Mumbai,Computer Science,2023,71,85,77
8228,Meera Iyer,Mumbai,IT,2024,75,78,66
8229,Priya Gupta,Bangalore,IT,2023,86,83,80
8230,Priya Gupta,Mumbai,Electronics,2023,90,90,82
8231,Priya Gupta,Bangalore,Electronics,2023,70,93,78
8232,Meera Iyer,Ahmedabad,IT,2023,89,70,83
8233,Ravi Patel,Bangalore,Computer Science,2025,78,90,88
8234,Arjun Singh,Delhi,IT,2023,63,71,70
8235,Arjun Singh,Ahmedabad,Electrical,2023,63,82,89
8236,Rahul Mehta,Indore,Electronics,2023,86,71,86
8237,Priya Gupta,Bangalore,Information Tech,2023,68,74,82
8238,Sneha Reddy,Bangalore,Information Tech,2024,84,77,78
8239,Arjun Singh,Mumbai,Information Tech,2025,74,78,82
8240,Meera Iyer,Bangalore,Electrical,2025,79,88,72
8241,Priya Gupta,Mumbai,Civil,2025,66,81,73
8242,Priya Gupta,Mumbai,Computer Science,2024,63,77,77
8243,Ravi Patel,Chennai,Civil,2025,88,81,78
8244,Tanya Jain,Indore,Civil,2023,61,78,71
8245,Tanya Jain,Bangalore,Electronics,2025,89,71,71
8246,Sneha Reddy,Ahmedabad,Electrical,2025,64,83,85
8247,Priya Gupta,Hyderabad,Electronics,2025,75,91,70
8248,Rahul Mehta,Pune,Electrical,2025,80,91,69
8249,Tanya Jain,Pune,Mechanical,2024,73,84,79
8250,Rahul Mehta,Mumbai,IT,2025,89,82,78
8251,Karan Verma,Mumbai,IT,2024,70,82,75
8252,Priya Gupta,Chennai,IT,2023,80,70,79
8253,Rahul Mehta,Chennai,Computer Science,2025,76,88,79
8254,Ravi Patel,Indore,Electrical,2023,79,87,88
8255,Priya Gupta,Hyderabad,Electrical,2024,88,75,83
8256,Ananya Sharma,Mumbai,Information Tech,2023,72,81,71
8257,Priya Gupta,Bangalore,Electronics,2024,60,74,68
8258,Ananya Sharma,Bangalore,Information Tech,2023,69,95,82
8259,Karan Verma,Delhi,Civil,2024,66,81,75
8260,Ananya Sharma,Lucknow,Information Tech,2023,72,73,79
8261,Arjun Singh,Bangalore,Mechanical,2025,61,82,67
8262,Ravi Patel,Delhi,Civil,2023,70,81,68
8263,Tanya Jain,Chennai,Civil,2025,74,81,79
8264,Karan Verma,Ahmedabad,IT,2024,63,93,82
8265,Rahul Mehta,Jaipur,Civil,2024,66,73,78
8266,Ravi Patel,Lucknow,Computer Science,2025,89,85,74
8267,Ravi Patel,Hyderabad,Computer Science,2023,71,76,84
8268,Sneha Reddy,Indore,Computer Science,2023,81,93,74
8269,Tanya Jain,Ahmedabad,Electronics,2025,63,85,79
8270,Rahul Mehta,Ahmedabad,IT,2025,76,86,75
8271,Ananya Sharma,Delhi,Mechanical,2025,89,76,77
8272,Tanya Jain,Mumbai,Information Tech,2025,70,70,89
8273,Arjun Singh,Bangalore,Computer Science,2023,63,72,78
8274,Vishal Dubey,Delhi,IT,2025,64,74,87
8275,Ravi Patel,Bangalore,Civil,2023,83,95,74
8276,Vishal Dubey,Ahmedabad,Mechanical,2023,79,84,84
8277,Vishal Dubey,Indore,Mechanical,2024,89,76,87
8278,Ravi Patel,Mumbai,Computer Science,2025,79,89,73
8279,Ravi Patel,Jaipur,IT,2024,76,81,80
8280,Meera Iyer,Jaipur,IT,2023,62,77,76
8281,Priya Gupta,Pune,Information Tech,2025,80,89,80
8282,Sneha Reddy,Mumbai,Civil,2024,73,79,82
8283,Karan Verma,Indore,Mechanical,2023,70,86,86
8284,Rahul Mehta,Lucknow,Information Tech,2023,83,81,75
8285,Priya Gupta,Pune,Civil,2025,72,91,83
8286,Rahul Mehta,Chennai,Computer Science,2023,67,88,84
8287,Meera Iyer,Indore,IT,2024,70,74,73
8288,Rahul Mehta,Chennai,Computer Science,2024,68,79,89
8289,Ananya Sharma,Chennai,Electronics,2025,73,71,82
8290,Karan Verma,Bangalore,Civil,2023,79,92,71
8291,Rahul Mehta,Hyderabad,IT,2025,78,91,88
8292,Karan Verma,Lucknow,Information Tech,2024,79,71,72
8293,Meera Iyer,Indore,Civil,2024,76,73,76
8294,Tanya Jain,Chennai,Electronics,2025,79,81,88
8295,Sneha Reddy,Jaipur,Electronics,2025,64,71,89
8296,Tanya Jain,Hyderabad,Mechanical,2025,78,90,74
8297,Arjun Singh,Bangalore,Electrical,2023,86,88,85
8298,Ravi Patel,Pune,Electronics,2025,74,75,83
8299,Priya Gupta,Mumbai,Information Tech,2023,78,82,88
8300,Ravi Patel,Bangalore,IT,2024,62,72,76
8301,Sneha Reddy,Chennai,Information Tech,2024,73,70,72
8302,Rahul Mehta,Delhi,Information Tech,2023,87,82,68
8303,Tanya Jain,Lucknow,Electrical,2025,79,74,68
8304,Karan Verma,Indore,IT,2025,76,80,67
8305,Meera Iyer,Pune,Computer Science,2024,72,92,74
8306,Ananya Sharma,Lucknow,Civil,2025,86,79,71
8307,Meera Iyer,Hyderabad,Computer Science,2024,62,90,78
8308,Priya Gupta,Ahmedabad,Information Tech,2023,90,86,74
8309,Priya Gupta,Mumbai,IT,2023,63,70,67
8310,Priya Gupta,Ahmedabad,Information Tech,2023,62,87,75
8311,Rahul Mehta,Lucknow,IT,2023,82,84,71
8312,Karan Verma,Hyderabad,Information Tech,2023,66,77,80
8313,Sneha Reddy,Pune,Electrical,2024,70,72,84
8314,Rahul Mehta,Bangalore,Information Tech,2023,60,82,72
8315,Karan Verma,Bangalore,Mechanical,2023,86,86,90
8316,Rahul Mehta,Hyderabad,Mechanical,2024,63,77,85
8317,Karan Verma,Bangalore,Mechanical,2025,65,94,76
8318,Vishal Dubey,Jaipur,Electronics,2025,60,87,87
8319,Priya Gupta,Bangalore,IT,2024,77,90,75
8320,Meera Iyer,Lucknow,Electrical,2024,61,86,76
8321,Sneha Reddy,Pune,Civil,2024,70,94,85
8322,Ravi Patel,Lucknow,IT,2024,71,90,76
8323,Rahul Mehta,Bangalore,Electronics,2023,74,78,80
8324,Ravi Patel,Bangalore,Electronics,2025,89,71,80
8325,Priya Gupta,Mumbai,Computer Science,2023,61,87,80
8326,Tanya Jain,Pune,IT,2024,80,89,78
8327,Ananya Sharma,Indore,Mechanical,2024,85,73,74
8328,Ananya Sharma,Chennai,IT,2024,71,84,66
8329,Rahul Mehta,Indore,Mechanical,2023,76,84,84
8330,Karan Verma,Jaipur,IT,2023,75,90,85
8331,Karan Verma,Hyderabad,Electronics,2024,77,89,82
8332,Sneha Reddy,Pune,Electronics,2025,72,78,87
8333,Arjun Singh,Ahmedabad,Civil,2024,78,94,78
8334,Ananya Sharma,Delhi,Computer Science,2025,79,79,75
8335,Sneha Reddy,Jaipur,Information Tech,2023,69,94,90
8336,Arjun Singh,Pune,Computer Science,2025,73,79,87
8337,Meera Iyer,Chennai,Mechanical,2025,64,80,77
8338,Tanya Jain,Lucknow,Mechanical,2024,67,71,83
8339,Ravi Patel,Delhi,Mechanical,2025,89,84,66
8340,Rahul Mehta,Jaipur,Information Tech,2024,73,89,67
8341,Meera Iyer,Lucknow,Civil,2023,66,85,83
8342,Meera Iyer,Lucknow,Information Tech,2023,69,94,79
8343,Priya Gupta,Lucknow,Civil,2025,85,86,84
8344,Arjun Singh,Mumbai,Electronics,2024,78,94,77
8345,Karan Verma,Hyderabad,Civil,2023,64,82,73
8346,Ananya Sharma,Delhi,Information Tech,2025,81,74,72
8347,Tanya Jain,Indore,Computer Science,2024,86,84,85
8348,Tanya Jain,Mumbai,Information Tech,2023,89,93,81
8349,Ravi Patel,Jaipur,Electrical,2025,65,70,79
8350,Karan Verma,Lucknow,Information Tech,2023,86,80,65
8351,Ananya Sharma,Hyderabad,Computer Science,2024,75,87,71
8352,Tanya Jain,Pune,Computer Science,2024,60,81,73
8353,Sneha Reddy,Chennai,Mechanical,2024,86,76,69
8354,Sneha Reddy,Mumbai,Electrical,2023,83,90,66
8355,Rahul Mehta,Pune,Electronics,2025,89,81,77
8356,Sneha Reddy,Hyderabad,Civil,2025,79,77,90
8357,Ananya Sharma,Bangalore,Mechanical,2024,84,82,85
8358,Vishal Dubey,Delhi,IT,2025,84,89,89
8359,Karan Verma,Mumbai,Civil,2025,60,81,89
8360,Tanya Jain,Delhi,Civil,2025,78,75,79
8361,Ananya Sharma,Lucknow,Electrical,2024,77,90,80
8362,Tanya Jain,Lucknow,IT,2024,76,86,79
8363,Karan Verma,Delhi,Civil,2023,80,84,75
8364,Sneha Reddy,Bangalore,Computer Science,2023,69,89,66
8365,Ananya Sharma,Hyderabad,Electronics,2025,65,78,76
8366,Rahul Mehta,Lucknow,Civil,2023,85,74,87
8367,Rahul Mehta,Bangalore,Computer Science,2025,88,89,87
8368,Vishal Dubey,Jaipur,Information Tech,2025,76,90,74
8369,Vishal Dubey,Indore,Electronics,2024,87,94,68
8370,Tanya Jain,Chennai,Electronics,2025,70,75,84
8371,Ravi Patel,Chennai,Mechanical,2025,82,82,88
8372,Ananya Sharma,Bangalore,Civil,2024,83,70,83
8373,Vishal Dubey,Mumbai,Civil,2024,83,77,69
8374,Arjun Singh,Indore,Mechanical,2025,70,72,69
8375,Rahul Mehta,Pune,Computer Science,2024,60,82,82
8376,Tanya Jain,Bangalore,IT,2025,77,78,88
8377,Priya Gupta,Hyderabad,Mechanical,2025,85,84,78
8378,Ravi Patel,Pune,IT,2025,89,78,68
8379,Meera Iyer,Ahmedabad,Electrical,2023,86,90,66
8380,Karan Verma,Delhi,Information Tech,2025,75,89,65
8381,Karan Verma,Indore,Electrical,2025,73,79,82
8382,Karan Verma,Chennai,Electronics,2025,76,91,69
8383,Rahul Mehta,Ahmedabad,Mechanical,2023,79,88,80
8384,Karan Verma,Hyderabad,Civil,2024,64,90,66
8385,Ananya Sharma,Chennai,Computer Science,2023,75,87,90
8386,Sneha Reddy,Ahmedabad,Electrical,2023,88,93,73
8387,Rahul Mehta,Bangalore,Civil,2025,77,94,65
8388,Sneha Reddy,Delhi,Information Tech,2024,83,71,71
8389,Sneha Reddy,Delhi,Electrical,2023,67,84,85
8390,Arjun Singh,Pune,Electrical,2024,87,84,87
8391,Priya Gupta,Jaipur,Information Tech,2025,84,91,69
8392,Rahul Mehta,Chennai,Civil,2024,78,79,83
8393,Tanya Jain,Hyderabad,Electrical,2025,71,78,85
8394,Arjun Singh,Indore,Civil,2024,76,83,77
8395,Tanya Jain,Bangalore,Computer Science,2024,77,74,90
8396,Meera Iyer,Indore,Mechanical,2024,90,89,74
8397,Ravi Patel,Chennai,Mechanical,2023,83,74,76
8398,Meera Iyer,Ahmedabad,Computer Science,2023,76,93,86
8399,Vishal Dubey,Delhi,IT,2025,69,91,82
8400,Karan Verma,Lucknow,Electrical,2024,72,87,88
8401,Rahul Mehta,Chennai,Electronics,2025,84,75,67
8402,Ravi Patel,Jaipur,Information Tech,2025,67,82,89
8403,Rahul Mehta,Pune,Mechanical,2023,65,73,65
8404,Karan Verma,Chennai,Electronics,2025,80,83,87
8405,Karan Verma,Indore,Electronics,2024,65,72,67
8406,Meera Iyer,Lucknow,Information Tech,2025,72,89,76
8407,Vishal Dubey,Indore,Information Tech,2023,74,77,70
8408,Sneha Reddy,Mumbai,Information Tech,2025,80,81,87
8409,Priya Gupta,Hyderabad,Mechanical,2024,71,75,85
8410,Arjun Singh,Lucknow,Computer Science,2023,69,74,74
8411,Sneha Reddy,Ahmedabad,Electronics,2023,62,89,75
8412,Vishal Dubey,Indore,Computer Science,2024,86,88,90
8413,Ravi Patel,Hyderabad,Electrical,2023,68,86,71
8414,Sneha Reddy,Mumbai,Computer Science,2023,88,89,90
8415,Tanya Jain,Pune,IT,2025,82,86,80
8416,Vishal Dubey,Hyderabad,Computer Science,2025,79,73,82
8417,Rahul Mehta,Jaipur,Electronics,2025,74,83,68
8418,Rahul Mehta,Indore,Information Tech,2025,73,73,81
8419,Arjun Singh,Jaipur,Electrical,2023,61,76,67
8420,Rahul Mehta,Bangalore,Civil,2025,65,77,80
8421,Sneha Reddy,Mumbai,Mechanical,2024,75,88,80
8422,Meera Iyer,Pune,Electrical,2025,73,86,73
8423,Rahul Mehta,Lucknow,Computer Science,2025,84,86,90
8424,Vishal Dubey,Indore,Information Tech,2025,74,80,75
8425,Meera Iyer,Lucknow,IT,2024,69,94,82
8426,Meera Iyer,Lucknow,Computer Science,2025,62,78,71
8427,Arjun Singh,Lucknow,Mechanical,2025,82,91,67
8428,Arjun Singh,Bangalore,Electronics,2025,84,75,80
8429,Arjun Singh,Hyderabad,Electronics,2024,68,79,90
8430,Ravi Patel,Bangalore,IT,2025,63,95,84
8431,Karan Verma,Bangalore,Electronics,2025,77,75,74
8432,Ravi Patel,Delhi,Civil,2024,74,75,68
8433,Meera Iyer,Mumbai,Information Tech,2023,68,76,71
8434,Priya Gupta,Bangalore,Electronics,2024,76,74,66
8435,Ananya Sharma,Lucknow,Civil,2024,62,91,89
8436,Ravi Patel,Delhi,Information Tech,2024,84,94,79
8437,Tanya Jain,Indore,Information Tech,2024,75,78,81
8438,Rahul Mehta,Indore,Mechanical,2025,81,76,65
8439,Rahul Mehta,Indore,Civil,2024,80,78,67
8440,Priya Gupta,Chennai,Civil,2024,68,87,67
8441,Arjun Singh,Delhi,Civil,2025,73,95,79
8442,Ravi Patel,Chennai,Computer Science,2023,82,74,90
8443,Meera Iyer,Lucknow,Electrical,2023,72,77,74
8444,Karan Verma,Mumbai,Information Tech,2023,66,81,89
8445,Rahul Mehta,Chennai,Electrical,2024,80,85,69
8446,Priya Gupta,Jaipur,Electrical,2024,62,76,69
8447,Meera Iyer,Chennai,Mechanical,2025,87,76,69
8448,Vishal Dubey,Ahmedabad,Mechanical,2024,83,95,66
8449,Karan Verma,Ahmedabad,Civil,2023,75,75,67
8450,Tanya Jain,Ahmedabad,Computer Science,2025,84,70,75
8451,Meera Iyer,Bangalore,Mechanical,2024,80,89,83
8452,Priya Gupta,Lucknow,Civil,2025,86,83,82
8453,Sneha Reddy,Delhi,Mechanical,2024,77,80,75
8454,Arjun Singh,Ahmedabad,Mechanical,2024,80,71,82
8455,Rahul Mehta,Jaipur,Computer Science,2024,90,94,76
8456,Sneha Reddy,Ahmedabad,Information Tech,2023,74,89,66
8457,Rahul Mehta,Ahmedabad,Electronics,2025,70,74,73
8458,Ananya Sharma,Pune,Information Tech,2023,87,84,77
8459,Sneha Reddy,Jaipur,Civil,2025,89,81,74
8460,Arjun Singh,Indore,IT,2025,63,87,83
8461,Ananya Sharma,Delhi,Computer Science,2025,82,77,69
8462,Sneha Reddy,Pune,Mechanical,2023,79,75,66
8463,Priya Gupta,Jaipur,Electronics,2025,90,75,67
8464,Sneha Reddy,Hyderabad,Computer Science,2023,67,92,83
8465,Priya Gupta,Lucknow,Information Tech,2023,66,88,76
8466,Ananya Sharma,Ahmedabad,Electrical,2024,75,94,80
8467,Sneha Reddy,Lucknow,Information Tech,2024,79,82,87
8468,Arjun Singh,Mumbai,Civil,2024,76,92,78
8469,Tanya Jain,Lucknow,IT,2023,74,86,76
8470,Meera Iyer,Chennai,Information Tech,2025,81,86,66
8471,Priya Gupta,Chennai,Information Tech,2025,70,94,79
8472,Ananya Sharma,Bangalore,Electronics,2025,83,78,77
8473,Arjun Singh,Delhi,Electronics,2023,77,95,82
8474,Ananya Sharma,Hyderabad,IT,2025,80,82,88
8475,Ravi Patel,Bangalore,Information Tech,2023,67,89,88
8476,Rahul Mehta,Mumbai,Electrical,2025,68,87,81
8477,Sneha Reddy,Chennai,Civil,2025,90,82,67
8478,Ananya Sharma,Jaipur,Computer Science,2023,88,91,88
8479,Ananya Sharma,Lucknow,Information Tech,2024,76,94,74
8480,Karan Verma,Chennai,Information Tech,2025,63,71,72
8481,Sneha Reddy,Mumbai,Information Tech,2023,74,92,80
8482,Ananya Sharma,Hyderabad,IT,2024,85,82,76
8483,Karan Verma,Ahmedabad,Civil,2025,66,71,82
8484,Ravi Patel,Mumbai,Electronics,2024,69,79,83
8485,Arjun Singh,Pune,Electrical,2025,85,95,80
8486,Tanya Jain,Hyderabad,Mechanical,2023,85,85,87
8487,Arjun Singh,Jaipur,Civil,2025,79,77,68
8488,Vishal Dubey,Pune,Electronics,2024,71,81,74
8489,Sneha Reddy,Hyderabad,Computer Science,2023,80,82,85
8490,Priya Gupta,Ahmedabad,Computer Science,2023,71,82,82
8491,Ananya Sharma,Pune,Information Tech,2025,81,73,66
8492,Ravi Patel,Delhi,Computer Science,2023,90,71,67
8493,Rahul Mehta,Mumbai,Electronics,2023,88,77,81
8494,Karan Verma,Ahmedabad,IT,2025,78,85,75
8495,Priya Gupta,Pune,Information Tech,2024,83,89,72
8496,Ravi Patel,Mumbai,Electrical,2023,82,71,78
8497,Ananya Sharma,Bangalore,IT,2024,76,94,84
8498,Ravi Patel,Delhi,Electronics,2025,62,73,89
8499,Arjun Singh,Delhi,Computer Science,2025,73,76,72
8500,Rahul Mehta,Lucknow,Information Tech,2023,66,93,87
8501,Vishal Dubey,Mumbai,IT,2024,71,75,89
8502,Ananya Sharma,Delhi,Information Tech,2023,69,78,80
8503,Ananya Sharma,Indore,IT,2023,67,82,70
8504,Karan Verma,Hyderabad,Information Tech,2025,75,74,74
8505,Meera Iyer,Lucknow,Information Tech,2024,73,82,69
8506,Arjun Singh,Pune,Civil,2025,69,80,81
8507,Sneha Reddy,Delhi,Information Tech,2025,75,95,70
8508,Karan Verma,Lucknow,Mechanical,2023,78,71,75
8509,Vishal Dubey,Hyderabad,Civil,2024,73,79,67
8510,Sneha Reddy,Hyderabad,Civil,2024,73,71,83
8511,Priya Gupta,Pune,Computer Science,2023,77,84,67
8512,Sneha Reddy,Lucknow,Computer Science,2025,74,79,77
8513,Sneha Reddy,Delhi,Electronics,2024,64,85,70
8514,Ravi Patel,Lucknow,Electrical,2025,69,90,87
8515,Meera Iyer,Mumbai,IT,2025,61,88,71
8516,Tanya Jain,Ahmedabad,Civil,2025,79,78,84
8517,Tanya Jain,Jaipur,Mechanical,2023,85,70,65
8518,Priya Gupta,Delhi,Information Tech,2023,86,87,86
8519,Priya Gupta,Indore,Civil,2024,72,75,75
8520,Karan Verma,Indore,Electronics,2024,85,94,88
8521,Arjun Singh,Ahmedabad,Civil,2023,61,87,82
8522,Ananya Sharma,Bangalore,Computer Science,2023,82,83,81
8523,Ananya Sharma,Indore,Electronics,2025,66,80,77
8524,Ravi Patel,Chennai,Mechanical,2024,81,90,76
8525,Meera Iyer,Delhi,Electrical,2024,71,89,81
8526,Meera Iyer,Chennai,Information Tech,2025,67,78,89
8527,Ananya Sharma,Ahmedabad,Electrical,2023,64,76,68
8528,Sneha Reddy,Indore,Mechanical,2023,81,80,71
8529,Ravi Patel,Indore,Information Tech,2024,72,83,82
8530,Tanya Jain,Pune,Electronics,2024,67,75,88
8531,Tanya Jain,Ahmedabad,Electronics,2025,78,84,66
8532,Vishal Dubey,Indore,IT,2023,83,78,83
8533,Ananya Sharma,Lucknow,Computer Science,2023,83,79,69
8534,Meera Iyer,Indore,Electrical,2024,69,78,87
8535,Karan Verma,Mumbai,IT,2023,60,80,79
8536,Ananya Sharma,Delhi,Electronics,2025,69,85,70
8537,Priya Gupta,Hyderabad,Electrical,2025,86,94,84
8538,Arjun Singh,Indore,IT,2023,82,77,86
8539,Arjun Singh,Chennai,Information Tech,2023,83,91,69
8540,Sneha Reddy,Lucknow,Electronics,2024,86,78,85
8541,Ravi Patel,Lucknow,Computer Science,2023,62,95,72
8542,Vishal Dubey,Indore,Mechanical,2023,81,73,65
8543,Priya Gupta,Ahmedabad,Civil,2023,75,71,73
8544,Ravi Patel,Jaipur,Electronics,2024,67,81,71
8545,Ravi Patel,Lucknow,Electronics,2025,69,82,87
8546,Ravi Patel,Jaipur,Electronics,2024,68,74,84
8547,Ravi Patel,Hyderabad,Electronics,2023,86,92,74
8548,Priya Gupta,Mumbai,Information Tech,2024,73,80,73
8549,Karan Verma,Hyderabad,IT,2024,82,91,82
8550,Rahul Mehta,Pune,IT,2023,79,83,88
8551,Tanya Jain,Indore,Mechanical,2025,64,82,88
8552,Ananya Sharma,Hyderabad,Electronics,2024,75,79,65
8553,Priya Gupta,Bangalore,Information Tech,2024,84,82,86
8554,Arjun Singh,Bangalore,Electrical,2024,69,90,87
8555,Priya Gupta,Hyderabad,Civil,2023,64,84,72
8556,Sneha Reddy,Delhi,Civil,2024,78,73,88
8557,Vishal Dubey,Chennai,Civil,2023,85,78,83
8558,Ravi Patel,Pune,IT,2023,90,72,86
8559,Ravi Patel,Jaipur,Electrical,2025,70,89,67
8560,Vishal Dubey,Mumbai,Electronics,2025,78,89,77
8561,Karan Verma,Chennai,Mechanical,2025,84,70,69
8562,Arjun Singh,Hyderabad,Electrical,2023,72,82,74
8563,Meera Iyer,Jaipur,Electronics,2023,88,75,80
8564,Vishal Dubey,Bangalore,Civil,2024,74,88,86
8565,Vishal Dubey,Mumbai,Electronics,2025,73,70,65
8566,Vishal Dubey,Delhi,Electronics,2023,78,79,72
8567,Tanya Jain,Chennai,Civil,2024,74,78,67
8568,Ananya Sharma,Bangalore,Computer Science,2025,68,87,82
8569,Arjun Singh,Chennai,Mechanical,2023,68,88,66
8570,Ravi Patel,Mumbai,Information Tech,2023,83,76,89
8571,Karan Verma,Mumbai,Electrical,2024,88,70,72
8572,Arjun Singh,Ahmedabad,Electronics,2025,88,94,88
8573,Meera Iyer,Indore,Information Tech,2023,68,85,89
8574,Ananya Sharma,Pune,Electrical,2023,73,76,88
8575,Tanya Jain,Mumbai,Electrical,2023,86,76,86
8576,Karan Verma,Jaipur,Mechanical,2025,71,74,69
8577,Ravi Patel,Chennai,Civil,2023,77,92,88
8578,Karan Verma,Delhi,Civil,2024,73,92,76
8579,Sneha Reddy,Jaipur,Mechanical,2023,64,80,67
8580,Sneha Reddy,Indore,Electronics,2025,63,71,71
8581,Meera Iyer,Bangalore,Mechanical,2024,81,87,75
8582,Sneha Reddy,Indore,Mechanical,2024,63,71,68
8583,Arjun Singh,Mumbai,IT,2024,80,75,81
8584,Arjun Singh,Chennai,Electronics,2025,71,87,73
8585,Ananya Sharma,Jaipur,Civil,2023,69,74,77
8586,Ananya Sharma,Jaipur,Electrical,2025,84,71,84
8587,Meera Iyer,Bangalore,Electrical,2023,80,88,88
8588,Meera Iyer,Indore,Electronics,2023,68,75,80
8589,Arjun Singh,Chennai,Computer Science,2024,68,77,87
8590,Priya Gupta,Chennai,Electrical,2025,77,78,89
8591,Rahul Mehta,Delhi,IT,2024,63,75,79
8592,Priya Gupta,Jaipur,Civil,2024,73,89,86
8593,Priya Gupta,Mumbai,Electronics,2025,68,76,71
8594,Meera Iyer,Indore,Civil,2023,65,83,74
8595,Arjun Singh,Lucknow,Computer Science,2025,79,72,77
8596,Meera Iyer,Hyderabad,Civil,2024,74,85,86
8597,Arjun Singh,Ahmedabad,Computer Science,2025,68,71,80
8598,Karan Verma,Indore,Computer Science,2024,85,94,73
8599,Ananya Sharma,Lucknow,Electronics,2024,86,83,70
8600,Rahul Mehta,Indore,IT,2024,83,71,72
8601,Arjun Singh,Jaipur,Computer Science,2023,66,76,84
8602,Arjun Singh,Ahmedabad,Mechanical,2023,65,89,73
8603,Priya Gupta,Indore,Computer Science,2025,63,77,69
8604,Rahul Mehta,Mumbai,Civil,2024,65,70,78
8605,Rahul Mehta,Bangalore,Electrical,2024,78,93,83
8606,Priya Gupta,Mumbai,Computer Science,2025,81,82,82
8607,Vishal Dubey,Hyderabad,Civil,2024,61,90,76
8608,Priya Gupta,Bangalore,Electronics,2025,71,86,74
8609,Karan Verma,Ahmedabad,Electronics,2024,86,90,76
8610,Ravi Patel,Chennai,Mechanical,2024,69,77,77
8611,Meera Iyer,Ahmedabad,Electrical,2024,66,86,69
8612,Ravi Patel,Indore,IT,2025,83,76,86
8613,Tanya Jain,Pune,Computer Science,2025,76,83,85
8614,Ravi Patel,Hyderabad,Electronics,2023,63,88,67
8615,Meera Iyer,Bangalore,Civil,2025,86,78,82
8616,Vishal Dubey,Lucknow,Information Tech,2023,68,84,70
8617,Sneha Reddy,Delhi,Electronics,2025,90,83,73
8618,Arjun Singh,Pune,Electronics,2025,63,88,71
8619,Ananya Sharma,Ahmedabad,Civil,2025,66,85,73
8620,Ananya Sharma,Bangalore,Civil,2025,71,82,73
8621,Priya Gupta,Indore,Mechanical,2023,63,70,66
8622,Arjun Singh,Chennai,Information Tech,2024,69,88,84
8623,Sneha Reddy,Chennai,Civil,2025,79,83,79
8624,Karan Verma,Pune,Computer Science,2025,66,90,76
8625,Priya Gupta,Ahmedabad,Information Tech,2025,64,88,69
8626,Vishal Dubey,Bangalore,Mechanical,2024,74,95,87
8627,Ravi Patel,Hyderabad,Electrical,2025,62,73,81
8628,Ravi Patel,Bangalore,Electronics,2025,73,83,75
8629,Meera Iyer,Lucknow,Information Tech,2024,76,91,72
8630,Karan Verma,Jaipur,Electronics,2025,75,72,84
8631,Sneha Reddy,Ahmedabad,Civil,2024,90,73,69
8632,Karan Verma,Mumbai,Electronics,2024,80,76,66
8633,Tanya Jain,Hyderabad,Mechanical,2025,74,82,73
8634,Karan Verma,Delhi,Computer Science,2024,64,74,69
8635,Sneha Reddy,Mumbai,Information Tech,2024,75,93,67
8636,Arjun Singh,Lucknow,Mechanical,2023,89,85,67
8637,Tanya Jain,Mumbai,Computer Science,2025,78,78,65
8638,Rahul Mehta,Jaipur,Electrical,2023,80,81,88
8639,Ravi Patel,Bangalore,IT,2024,73,95,87
8640,Sneha Reddy,Pune,IT,2025,85,78,76
8641,Tanya Jain,Lucknow,Civil,2024,88,93,82
8642,Ananya Sharma,Mumbai,Information Tech,2025,63,90,69
8643,Sneha Reddy,Indore,Civil,2025,84,90,89
8644,Meera Iyer,Bangalore,Electrical,2025,68,90,83
8645,Meera Iyer,Bangalore,Mechanical,2023,73,83,73
8646,Sneha Reddy,Hyderabad,Electronics,2023,71,93,69
8647,Rahul Mehta,Bangalore,Mechanical,2025,68,91,75
8648,Karan Verma,Bangalore,Information Tech,2025,70,73,87
8649,Tanya Jain,Hyderabad,Computer Science,2023,87,91,80
8650,Meera Iyer,Indore,Electrical,2023,74,80,76
8651,Priya Gupta,Chennai,Electronics,2025,76,93,71
8652,Priya Gupta,Indore,Electrical,2024,87,88,67
8653,Tanya Jain,Chennai,Electrical,2024,64,75,73
8654,Rahul Mehta,Jaipur,Electronics,2025,70,91,70
8655,Ravi Patel,Hyderabad,Electrical,2024,61,77,82
8656,Karan Verma,Indore,Mechanical,2023,88,71,78
8657,Ananya Sharma,Delhi,Information Tech,2024,73,87,80
8658,Tanya Jain,Chennai,Mechanical,2024,81,89,73
8659,Arjun Singh,Hyderabad,Mechanical,2023,67,90,72
8660,Meera Iyer,Indore,Electrical,2025,85,80,87
8661,Tanya Jain,Pune,Electrical,2025,60,84,75
8662,Tanya Jain,Hyderabad,Information Tech,2025,71,93,74
8663,Rahul Mehta,Ahmedabad,Electrical,2025,73,71,74
8664,Karan Verma,Lucknow,IT,2025,82,84,87
8665,Rahul Mehta,Chennai,Information Tech,2025,73,84,90
8666,Sneha Reddy,Lucknow,Electrical,2024,75,87,87
8667,Vishal Dubey,Indore,Electrical,2024,77,72,68
8668,Rahul Mehta,Indore,Electronics,2025,77,75,67
8669,Arjun Singh,Lucknow,Civil,2023,72,70,74
8670,Rahul Mehta,Jaipur,Mechanical,2024,60,77,69
8671,Rahul Mehta,Jaipur,Electronics,2023,82,70,82
8672,Ananya Sharma,Pune,Computer Science,2023,75,83,66
8673,Vishal Dubey,Bangalore,Electronics,2023,87,83,85
8674,Ananya Sharma,Lucknow,IT,2024,67,78,74
8675,Sneha Reddy,Indore,Electronics,2023,62,95,81
8676,Ananya Sharma,Hyderabad,Information Tech,2025,79,92,71
8677,Vishal Dubey,Bangalore,Information Tech,2025,65,88,72
8678,Meera Iyer,Hyderabad,Electrical,2024,74,91,79
8679,Ananya Sharma,Hyderabad,Civil,2025,76,77,67
8680,Arjun Singh,Bangalore,IT,2024,62,77,72
8681,Arjun Singh,Hyderabad,Civil,2025,61,74,88
8682,Vishal Dubey,Mumbai,IT,2023,81,82,67
8683,Rahul Mehta,Mumbai,Mechanical,2023,88,83,80
8684,Rahul Mehta,Indore,Electrical,2024,88,93,86
8685,Ravi Patel,Bangalore,Electronics,2024,81,74,84
8686,Tanya Jain,Bangalore,Information Tech,2025,70,81,88
8687,Vishal Dubey,Ahmedabad,Computer Science,2025,65,75,80
8688,Arjun Singh,Indore,Electrical,2023,85,90,83
8689,Arjun Singh,Jaipur,Computer Science,2025,62,78,73
8690,Ravi Patel,Pune,Computer Science,2023,87,83,85
8691,Meera Iyer,Chennai,Computer Science,2023,61,75,68
8692,Rahul Mehta,Indore,Civil,2023,88,90,77
8693,Arjun Singh,Jaipur,Electronics,2024,65,74,66
8694,Karan Verma,Hyderabad,Civil,2025,84,74,90
8695,Vishal Dubey,Jaipur,Computer Science,2023,64,92,81
8696,Priya Gupta,Pune,Information Tech,2025,61,71,88
8697,Arjun Singh,Indore,Civil,2023,64,76,80
8698,Rahul Mehta,Bangalore,Electrical,2024,86,91,85
8699,Ananya Sharma,Lucknow,Civil,2023,73,88,89
8700,Priya Gupta,Chennai,Mechanical,2023,82,91,66
8701,Meera Iyer,Ahmedabad,Mechanical,2024,67,85,80
8702,Priya Gupta,Mumbai,Computer Science,2025,68,75,82
8703,Vishal Dubey,Hyderabad,Electrical,2025,86,95,73
8704,Ravi Patel,Mumbai,Information Tech,2025,82,83,70
8705,Rahul Mehta,Indore,Information Tech,2024,84,80,78
8706,Arjun Singh,Chennai,Electronics,2023,78,76,77
8707,Meera Iyer,Delhi,Computer Science,2023,74,71,90
8708,Sneha Reddy,Ahmedabad,Mechanical,2025,89,80,72
8709,Ravi Patel,Pune,Information Tech,2024,66,88,82
8710,Meera Iyer,Indore,Computer Science,2025,63,91,79
8711,Rahul Mehta,Jaipur,Mechanical,2023,70,71,76
8712,Priya Gupta,Ahmedabad,Electronics,2024,84,85,79
8713,Meera Iyer,Delhi,IT,2023,73,86,77
8714,Ananya Sharma,Mumbai,Computer Science,2023,76,82,84
8715,Meera Iyer,Jaipur,IT,2024,68,73,75
8716,Ananya Sharma,Pune,Electrical,2023,84,84,69
8717,Meera Iyer,Lucknow,Information Tech,2025,86,80,81
8718,Ananya Sharma,Lucknow,Civil,2023,77,80,75
8719,Ravi Patel,Pune,Mechanical,2024,62,81,67
8720,Tanya Jain,Bangalore,Electrical,2025,65,88,87
8721,Sneha Reddy,Chennai,IT,2024,83,81,76
8722,Ravi Patel,Delhi,Computer Science,2024,75,78,77
8723,Arjun Singh,Jaipur,IT,2024,85,87,80
8724,Priya Gupta,Chennai,Civil,2025,82,93,71
8725,Meera Iyer,Ahmedabad,Electronics,2025,79,83,66
8726,Rahul Mehta,Indore,Mechanical,2025,73,71,84
8727,Priya Gupta,Bangalore,IT,2024,72,73,77
8728,Ravi Patel,Delhi,Mechanical,2025,76,81,65
8729,Tanya Jain,Indore,Electrical,2023,74,71,84
8730,Ananya Sharma,Lucknow,Electrical,2025,82,86,81
8731,Meera Iyer,Pune,Electronics,2025,71,92,79
8732,Vishal Dubey,Jaipur,Electronics,2024,76,71,83
8733,Ravi Patel,Bangalore,Computer Science,2023,81,93,80
8734,Meera Iyer,Lucknow,Electronics,2024,89,81,75
8735,Karan Verma,Delhi,Information Tech,2024,73,72,69
8736,Vishal Dubey,Mumbai,Civil,2023,62,86,83
8737,Ravi Patel,Mumbai,Electrical,2023,85,87,88
8738,Ananya Sharma,Mumbai,Computer Science,2023,72,95,84
8739,Ananya Sharma,Mumbai,Computer Science,2024,83,92,76
8740,Priya Gupta,Mumbai,Information Tech,2025,74,94,81
8741,Tanya Jain,Bangalore,Electronics,2024,61,77,71
8742,Karan Verma,Ahmedabad,Electronics,2025,71,76,86
8743,Meera Iyer,Bangalore,Electrical,2025,65,71,78
8744,Karan Verma,Bangalore,Computer Science,2023,80,88,85
8745,Priya Gupta,Lucknow,Mechanical,2023,66,70,71
8746,Ravi Patel,Indore,Electrical,2025,80,85,69
8747,Sneha Reddy,Hyderabad,Information Tech,2024,67,72,68
8748,Priya Gupta,Ahmedabad,Mechanical,2025,72,83,69
8749,Tanya Jain,Bangalore,Information Tech,2023,78,94,68
8750,Priya Gupta,Ahmedabad,Computer Science,2024,74,73,88
8751,Sneha Reddy,Indore,Electrical,2025,83,81,74
8752,Rahul Mehta,Pune,Information Tech,2024,84,85,76
8753,Vishal Dubey,Hyderabad,Electronics,2025,85,84,85
8754,Ravi Patel,Hyderabad,Electronics,2025,87,82,67
8755,Vishal Dubey,Bangalore,Information Tech,2023,89,95,86
8756,Tanya Jain,Ahmedabad,Civil,2025,63,87,67
8757,Karan Verma,Hyderabad,Civil,2024,90,79,73
8758,Ananya Sharma,Chennai,Electronics,2024,77,70,69
8759,Tanya Jain,Bangalore,IT,2023,66,71,72
8760,Priya Gupta,Lucknow,Civil,2024,65,92,89
8761,Priya Gupta,Lucknow,Mechanical,2024,74,81,66
8762,Sneha Reddy,Lucknow,Civil,2025,62,71,75
8763,Rahul Mehta,Bangalore,IT,2024,86,79,89
8764,Ravi Patel,Chennai,Electronics,2023,84,72,81
8765,Meera Iyer,Indore,Mechanical,2025,82,77,78
8766,Priya Gupta,Jaipur,Civil,2025,76,83,88
8767,Sneha Reddy,Lucknow,Civil,2025,84,89,78
8768,Karan Verma,Delhi,Civil,2024,72,90,88
8769,Rahul Mehta,Mumbai,Computer Science,2024,65,73,82
8770,Karan Verma,Indore,Mechanical,2024,80,75,76
8771,Tanya Jain,Lucknow,Electrical,2024,73,79,90
8772,Tanya Jain,Pune,Electronics,2024,67,88,87
8773,Karan Verma,Indore,IT,2023,85,85,89
8774,Ananya Sharma,Delhi,Civil,2023,67,90,84
8775,Meera Iyer,Delhi,Computer Science,2025,74,73,78
8776,Ravi Patel,Indore,Information Tech,2024,83,77,84
8777,Priya Gupta,Bangalore,Mechanical,2024,86,92,85
8778,Meera Iyer,Bangalore,Electronics,2024,72,86,80
8779,Tanya Jain,Lucknow,Electronics,2023,89,92,85
8780,Ananya Sharma,Jaipur,Information Tech,2025,69,78,77
8781,Ananya Sharma,Bangalore,Information Tech,2025,88,91,80
8782,Rahul Mehta,Bangalore,Mechanical,2025,82,72,89
8783,Meera Iyer,Bangalore,Mechanical,2025,66,86,70
8784,Karan Verma,Jaipur,Mechanical,2023,77,90,81
8785,Ravi Patel,Pune,IT,2024,86,72,87
8786,Arjun Singh,Bangalore,Electrical,2025,67,90,81
8787,Arjun Singh,Bangalore,Electrical,2025,72,84,81
8788,Ananya Sharma,Hyderabad,Civil,2023,65,80,72
8789,Ananya Sharma,Bangalore,Civil,2023,84,78,87
8790,Meera Iyer,Bangalore,Civil,2023,71,77,79
8791,Sneha Reddy,Delhi,Electronics,2024,79,73,67
8792,Vishal Dubey,Ahmedabad,Computer Science,2023,77,80,79
8793,Ananya Sharma,Indore,IT,2024,77,73,88
8794,Rahul Mehta,Mumbai,Mechanical,2024,79,93,82
8795,Meera Iyer,Jaipur,Information Tech,2024,67,73,77
8796,Vishal Dubey,Jaipur,Computer Science,2025,65,86,67
8797,Ravi Patel,Chennai,Electrical,2023,83,88,67
8798,Rahul Mehta,Lucknow,Mechanical,2024,80,89,73
8799,Ravi Patel,Pune,Electronics,2023,67,78,74
8800,Karan Verma,Delhi,Electronics,2025,72,94,78
8801,Priya Gupta,Jaipur,Computer Science,2025,82,70,78
8802,Meera Iyer,Indore,Electronics,2023,83,76,78
8803,Karan Verma,Ahmedabad,Computer Science,2025,84,78,67
8804,Arjun Singh,Hyderabad,Mechanical,2024,62,75,76
8805,Tanya Jain,Jaipur,Mechanical,2025,74,74,89
8806,Vishal Dubey,Indore,Electronics,2023,83,72,78
8807,Ananya Sharma,Bangalore,Civil,2024,79,92,79
8808,Ananya Sharma,Lucknow,Electrical,2024,77,73,84
8809,Ananya Sharma,Indore,Civil,2024,81,94,84
8810,Ravi Patel,Jaipur,Computer Science,2025,76,93,78
8811,Karan Verma,Pune,Information Tech,2023,78,80,83
8812,Ananya Sharma,Hyderabad,Electrical,2025,78,72,74
8813,Rahul Mehta,Ahmedabad,Electrical,2023,77,76,82
8814,Tanya Jain,Delhi,Computer Science,2023,65,88,72
8815,Meera Iyer,Pune,Information Tech,2025,63,90,89
8816,Ananya Sharma,Indore,Civil,2024,62,83,89
8817,Tanya Jain,Delhi,Mechanical,2023,65,70,66
8818,Meera Iyer,Lucknow,Information Tech,2025,62,84,74
8819,Sneha Reddy,Ahmedabad,Civil,2024,73,85,89
8820,Ananya Sharma,Lucknow,IT,2025,65,88,82
8821,Sneha Reddy,Bangalore,Information Tech,2024,63,85,82
8822,Karan Verma,Jaipur,Electrical,2024,63,81,71
8823,Arjun Singh,Pune,Mechanical,2024,61,76,82
8824,Sneha Reddy,Indore,Electronics,2023,85,93,86
8825,Karan Verma,Chennai,Mechanical,2023,75,70,88
8826,Meera Iyer,Chennai,Information Tech,2023,77,90,82
8827,Arjun Singh,Bangalore,Mechanical,2025,69,92,72
8828,Tanya Jain,Lucknow,Electronics,2025,68,90,88
8829,Arjun Singh,Ahmedabad,Electronics,2024,67,92,69
8830,Karan Verma,Bangalore,Electronics,2023,85,71,82
8831,Ananya Sharma,Lucknow,Electronics,2024,79,83,72
8832,Arjun Singh,Indore,Mechanical,2023,82,80,72
8833,Karan Verma,Indore,Mechanical,2023,80,87,82
8834,Tanya Jain,Bangalore,IT,2025,85,91,67
8835,Priya Gupta,Mumbai,Mechanical,2025,87,88,75
8836,Priya Gupta,Jaipur,Electronics,2023,62,86,73
8837,Rahul Mehta,Chennai,Electronics,2023,80,95,70
8838,Meera Iyer,Mumbai,Computer Science,2025,87,85,69
8839,Meera Iyer,Delhi,Electrical,2023,75,90,71
8840,Meera Iyer,Hyderabad,IT,2024,89,80,72
8841,Vishal Dubey,Indore,Computer Science,2025,61,88,79
8842,Ananya Sharma,Ahmedabad,Computer Science,2025,82,91,75
8843,Tanya Jain,Chennai,Information Tech,2023,68,89,74
8844,Meera Iyer,Indore,IT,2023,65,82,67
8845,Priya Gupta,Bangalore,IT,2025,82,92,79
8846,Sneha Reddy,Indore,Information Tech,2024,73,91,86
8847,Karan Verma,Hyderabad,Civil,2024,73,82,75
8848,Rahul Mehta,Ahmedabad,Mechanical,2023,75,94,84
8849,Ravi Patel,Lucknow,Electronics,2025,68,74,71
8850,Sneha Reddy,Jaipur,Electronics,2024,62,91,71
8851,Rahul Mehta,Indore,Mechanical,2023,61,82,66
8852,Priya Gupta,Delhi,Electronics,2024,82,76,73
8853,Arjun Singh,Jaipur,Computer Science,2025,73,76,67
8854,Meera Iyer,Ahmedabad,IT,2024,63,82,83
8855,Priya Gupta,Mumbai,Information Tech,2025,65,81,77
8856,Karan Verma,Delhi,Electronics,2023,81,78,71
8857,Ananya Sharma,Delhi,Civil,2025,61,81,83
8858,Ananya Sharma,Delhi,Mechanical,2025,61,85,77
8859,Tanya Jain,Hyderabad,IT,2025,73,78,84
8860,Sneha Reddy,Lucknow,IT,2024,76,83,85
8861,Ananya Sharma,Mumbai,Mechanical,2025,74,75,85
8862,Priya Gupta,Jaipur,Electrical,2023,76,78,79
8863,Arjun Singh,Chennai,Electronics,2024,89,95,67
8864,Sneha Reddy,Jaipur,Electrical,2024,89,91,80
8865,Rahul Mehta,Hyderabad,Mechanical,2025,80,85,78
8866,Tanya Jain,Lucknow,Computer Science,2025,76,82,82
8867,Priya Gupta,Pune,IT,2025,76,79,69
8868,Ravi Patel,Jaipur,Electrical,2024,61,75,72
8869,Ananya Sharma,Jaipur,Information Tech,2025,90,90,66
8870,Ravi Patel,Hyderabad,Computer Science,2025,71,71,83
8871,Rahul Mehta,Delhi,Civil,2024,69,71,85
8872,Rahul Mehta,Indore,Mechanical,2025,71,82,72
8873,Priya Gupta,Indore,Civil,2024,62,84,78
8874,Meera Iyer,Ahmedabad,Electrical,2024,62,89,88
8875,Ananya Sharma,Mumbai,Mechanical,2025,87,82,68
8876,Ananya Sharma,Pune,Information Tech,2023,79,71,79
8877,Ananya Sharma,Chennai,Electrical,2025,76,72,68
8878,Ananya Sharma,Ahmedabad,Mechanical,2025,63,75,79
8879,Meera Iyer,Indore,IT,2024,84,80,69
8880,Arjun Singh,Ahmedabad,IT,2023,64,74,74
8881,Ananya Sharma,Indore,Computer Science,2023,62,82,86
8882,Meera Iyer,Hyderabad,Electrical,2024,84,74,82
8883,Vishal Dubey,Ahmedabad,Computer Science,2025,66,90,75
8884,Karan Verma,Indore,Computer Science,2023,76,87,80
8885,Ravi Patel,Delhi,Electronics,2025,83,70,85
8886,Karan Verma,Indore,IT,2023,69,91,69
8887,Sneha Reddy,Mumbai,Electrical,2024,62,90,84
8888,Ravi Patel,Hyderabad,Civil,2025,63,86,67
8889,Vishal Dubey,Lucknow,Electrical,2025,83,71,70
8890,Vishal Dubey,Mumbai,Computer Science,2025,70,87,66
8891,Priya Gupta,Lucknow,Electrical,2024,78,75,74
8892,Ananya Sharma,Lucknow,Electronics,2023,86,71,80
8893,Meera Iyer,Pune,Electronics,2023,65,75,85
8894,Sneha Reddy,Chennai,Information Tech,2023,88,93,68
8895,Priya Gupta,Mumbai,Electrical,2024,67,93,71
8896,Arjun Singh,Bangalore,Mechanical,2023,69,78,73
8897,Ravi Patel,Chennai,Mechanical,2023,82,77,71
8898,Rahul Mehta,Bangalore,Information Tech,2023,78,86,86
8899,Rahul Mehta,Jaipur,Computer Science,2025,67,93,87
8900,Ravi Patel,Chennai,IT,2024,87,79,85
8901,Karan Verma,Bangalore,Computer Science,2025,88,81,73
8902,Ravi Patel,Chennai,Electronics,2023,67,74,86
8903,Sneha Reddy,Ahmedabad,Electrical,2023,65,86,83
8904,Vishal Dubey,Ahmedabad,Electrical,2024,78,85,74
8905,Tanya Jain,Pune,Information Tech,2024,68,93,81
8906,Karan Verma,Indore,Civil,2024,88,83,86
8907,Meera Iyer,Pune,Computer Science,2024,70,89,70
8908,Vishal Dubey,Ahmedabad,Information Tech,2023,86,74,70
8909,Vishal Dubey,Lucknow,Electronics,2024,77,76,82
8910,Ananya Sharma,Bangalore,Civil,2024,75,93,85
8911,Meera Iyer,Mumbai,Computer Science,2023,79,83,70
8912,Sneha Reddy,Lucknow,Electrical,2023,85,75,83
8913,Rahul Mehta,Hyderabad,Electronics,2023,78,70,80
8914,Sneha Reddy,Chennai,Civil,2024,80,79,66
8915,Ananya Sharma,Ahmedabad,Electrical,2025,63,85,85
8916,Tanya Jain,Pune,Civil,2023,60,87,77
8917,Rahul Mehta,Hyderabad,Civil,2023,69,84,71
8918,Rahul Mehta,Pune,Civil,2024,88,86,78
8919,Karan Verma,Lucknow,IT,2024,86,74,78
8920,Arjun Singh,Hyderabad,Information Tech,2025,71,73,84
8921,Tanya Jain,Chennai,Electronics,2025,78,73,80
8922,Sneha Reddy,Delhi,Civil,2025,65,74,83
8923,Meera Iyer,Ahmedabad,Computer Science,2024,70,78,78
8924,Arjun Singh,Ahmedabad,Mechanical,2024,78,83,73
8925,Ravi Patel,Hyderabad,IT,2024,79,84,73
8926,Rahul Mehta,Ahmedabad,Computer Science,2025,61,87,76
8927,Rahul Mehta,Delhi,Civil,2023,82,83,76
8928,Vishal Dubey,Lucknow,IT,2023,72,73,89
8929,Ravi Patel,Jaipur,IT,2025,62,87,72
8930,Ananya Sharma,Indore,Computer Science,2024,90,85,83
8931,Karan Verma,Lucknow,IT,2024,77,75,78
8932,Sneha Reddy,Bangalore,Civil,2023,85,92,80
8933,Sneha Reddy,Mumbai,IT,2023,90,94,79
8934,Arjun Singh,Mumbai,Civil,2025,81,73,85
8935,Ananya Sharma,Chennai,Mechanical,2023,81,88,82
8936,Tanya Jain,Lucknow,Electrical,2025,75,91,86
8937,Arjun Singh,Ahmedabad,Information Tech,2025,64,89,88
8938,Rahul Mehta,Chennai,Civil,2024,81,84,67
8939,Vishal Dubey,Lucknow,Civil,2025,62,89,67
8940,Meera Iyer,Mumbai,IT,2024,72,72,87
8941,Rahul Mehta,Indore,Information Tech,2025,67,91,83
8942,Ananya Sharma,Indore,Information Tech,2023,87,74,88
8943,Arjun Singh,Ahmedabad,Electronics,2025,61,76,70
8944,Meera Iyer,Delhi,Electronics,2023,62,89,72
8945,Meera Iyer,Indore,Computer Science,2024,89,91,80
8946,Tanya Jain,Ahmedabad,Mechanical,2025,64,77,83
8947,Sneha Reddy,Chennai,Information Tech,2023,63,73,77
8948,Priya Gupta,Jaipur,Civil,2024,69,79,66
8949,Arjun Singh,Ahmedabad,IT,2023,63,89,87
8950,Ravi Patel,Delhi,Information Tech,2023,86,73,69
8951,Ravi Patel,Hyderabad,Electronics,2024,81,92,66
8952,Ananya Sharma,Chennai,Mechanical,2023,72,77,84
8953,Ananya Sharma,Lucknow,Mechanical,2024,62,71,90
8954,Ravi Patel,Chennai,Computer Science,2025,81,86,71
8955,Arjun Singh,Ahmedabad,Computer Science,2025,71,82,71
8956,Tanya Jain,Lucknow,IT,2025,86,78,82
8957,Karan Verma,Ahmedabad,Mechanical,2025,68,80,73
8958,Sneha Reddy,Jaipur,Computer Science,2023,82,71,84
8959,Karan Verma,Lucknow,Civil,2024,66,86,67
8960,Arjun Singh,Delhi,Mechanical,2024,75,85,69
8961,Vishal Dubey,Jaipur,Electrical,2023,87,87,72
8962,Vishal Dubey,Pune,Mechanical,2023,88,86,75
8963,Ananya Sharma,Jaipur,Mechanical,2024,71,77,73
8964,Sneha Reddy,Bangalore,Electrical,2025,64,85,74
8965,Sneha Reddy,Hyderabad,Computer Science,2023,86,92,88
8966,Tanya Jain,Lucknow,Computer Science,2025,70,92,83
8967,Rahul Mehta,Jaipur,Computer Science,2025,77,75,69
8968,Karan Verma,Delhi,Electrical,2025,64,75,78
8969,Arjun Singh,Mumbai,IT,2023,73,87,89
8970,Meera Iyer,Pune,Electrical,2023,65,90,84
8971,Tanya Jain,Ahmedabad,IT,2025,60,78,76
8972,Vishal Dubey,Indore,Civil,2025,61,85,87
8973,Ravi Patel,Delhi,IT,2023,83,87,68
8974,Ananya Sharma,Indore,Electrical,2024,65,87,73
8975,Karan Verma,Indore,Electrical,2024,68,85,79
8976,Rahul Mehta,Jaipur,Electrical,2023,85,70,85
8977,Priya Gupta,Hyderabad,Mechanical,2025,86,73,72
8978,Ananya Sharma,Delhi,Computer Science,2023,90,73,87
8979,Meera Iyer,Hyderabad,IT,2024,75,89,86
8980,Tanya Jain,Lucknow,Civil,2025,71,72,71
8981,Ananya Sharma,Chennai,Information Tech,2024,82,91,81
8982,Vishal Dubey,Bangalore,Civil,2024,68,83,87
8983,Ananya Sharma,Chennai,Electrical,2025,62,78,74
8984,Priya Gupta,Chennai,Electrical,2024,75,86,86
8985,Rahul Mehta,Mumbai,Information Tech,2023,84,87,81
8986,Ananya Sharma,Ahmedabad,Electronics,2023,80,81,70
8987,Ananya Sharma,Pune,Electrical,2025,74,90,85
8988,Ravi Patel,Bangalore,Mechanical,2024,86,76,85
8989,Priya Gupta,Jaipur,Mechanical,2023,61,88,77
8990,Ananya Sharma,Hyderabad,Information Tech,2023,80,84,88
8991,Ravi Patel,Mumbai,Civil,2024,69,73,87
8992,Rahul Mehta,Hyderabad,Mechanical,2023,67,83,86
8993,Karan Verma,Jaipur,Information Tech,2023,80,76,71
8994,Meera Iyer,Pune,IT,2024,70,83,88
8995,Vishal Dubey,Indore,Computer Science,2025,87,92,84
8996,Karan Verma,Ahmedabad,Information Tech,2023,85,81,72
8997,Arjun Singh,Pune,Civil,2023,89,80,85
8998,Priya Gupta,Chennai,Electronics,2025,84,90,79
8999,Rahul Mehta,Ahmedabad,Electronics,2025,79,92,83
9000,Karan Verma,Hyderabad,Computer Science,2024,82,82,85
9001,Meera Iyer,Delhi,Electronics,2023,75,75,72
9002,Tanya Jain,Lucknow,Mechanical,2024,85,86,68
9003,Tanya Jain,Delhi,Electronics,2023,82,75,86
9004,Vishal Dubey,Lucknow,Electronics,2023,81,80,70
9005,Ananya Sharma,Lucknow,Electronics,2023,70,87,89
9006,Priya Gupta,Delhi,Computer Science,2023,61,92,72
9007,Karan Verma,Indore,Mechanical,2024,73,89,84
9008,Ravi Patel,Jaipur,Computer Science,2023,71,71,72
9009,Ananya Sharma,Jaipur,Mechanical,2024,71,75,85
9010,Rahul Mehta,Jaipur,Electrical,2024,64,78,74
9011,Priya Gupta,Pune,Civil,2024,60,73,75
9012,Tanya Jain,Bangalore,Information Tech,2024,66,85,85
9013,Vishal Dubey,Bangalore,Mechanical,2025,75,80,77
9014,Ananya Sharma,Lucknow,Electronics,2024,88,78,74
9015,Rahul Mehta,Bangalore,Computer Science,2025,70,77,75
9016,Karan Verma,Jaipur,Mechanical,2023,74,83,86
9017,Priya Gupta,Lucknow,Electronics,2025,83,76,84
9018,Priya Gupta,Lucknow,Electrical,2023,68,92,66
9019,Tanya Jain,Hyderabad,Electronics,2024,86,91,73
9020,Priya Gupta,Jaipur,Electrical,2024,71,84,75
9021,Arjun Singh,Indore,Electronics,2024,79,70,88
9022,Karan Verma,Pune,Computer Science,2025,72,77,80
9023,Rahul Mehta,Chennai,Civil,2023,65,86,84
9024,Meera Iyer,Bangalore,IT,2024,87,74,77
9025,Priya Gupta,Pune,Computer Science,2025,74,88,68
9026,Ravi Patel,Indore,Information Tech,2024,80,90,76
9027,Ravi Patel,Jaipur,Mechanical,2023,79,92,72
9028,Sneha Reddy,Chennai,Electrical,2025,87,95,88
9029,Priya Gupta,Bangalore,Mechanical,2025,75,78,74
9030,Vishal Dubey,Ahmedabad,IT,2025,72,90,88
9031,Tanya Jain,Mumbai,Computer Science,2025,63,85,85
9032,Rahul Mehta,Hyderabad,Electronics,2024,86,85,74
9033,Sneha Reddy,Ahmedabad,IT,2023,82,74,78
9034,Karan Verma,Hyderabad,Mechanical,2024,69,77,71
9035,Tanya Jain,Pune,Electronics,2024,83,76,71
9036,Arjun Singh,Ahmedabad,Electrical,2023,80,87,66
9037,Karan Verma,Mumbai,Mechanical,2023,65,85,82
9038,Karan Verma,Ahmedabad,Mechanical,2025,63,88,89
9039,Sneha Reddy,Bangalore,Mechanical,2023,72,91,67
9040,Ananya Sharma,Bangalore,Mechanical,2025,69,88,89
9041,Ananya Sharma,Hyderabad,Information Tech,2024,84,77,86
9042,Meera Iyer,Pune,Civil,2024,82,78,70
9043,Tanya Jain,Mumbai,Computer Science,2024,87,88,83
9044,Vishal Dubey,Hyderabad,Information Tech,2024,80,91,85
9045,Meera Iyer,Hyderabad,Computer Science,2024,75,92,69
9046,Meera Iyer,Hyderabad,Computer Science,2023,86,80,78
9047,Ananya Sharma,Delhi,Computer Science,2024,80,85,75
9048,Rahul Mehta,Indore,Civil,2023,68,89,67
9049,Tanya Jain,Delhi,Electrical,2025,60,78,78
9050,Ananya Sharma,Delhi,Information Tech,2024,85,85,87
9051,Ravi Patel,Mumbai,Electrical,2024,70,72,71
9052,Sneha Reddy,Pune,Information Tech,2025,60,77,88
9053,Rahul Mehta,Delhi,Computer Science,2024,87,75,89
9054,Tanya Jain,Hyderabad,Civil,2024,84,90,84
9055,Sneha Reddy,Delhi,Electronics,2023,66,82,88
9056,Sneha Reddy,Ahmedabad,IT,2025,70,76,81
9057,Priya Gupta,Delhi,Electronics,2024,68,72,69
9058,Meera Iyer,Delhi,Information Tech,2023,79,72,69
9059,Vishal Dubey,Lucknow,IT,2023,62,83,74
9060,Ananya Sharma,Indore,Computer Science,2023,83,94,77
9061,Meera Iyer,Mumbai,IT,2023,71,77,84
9062,Vishal Dubey,Pune,IT,2023,84,78,80
9063,Sneha Reddy,Delhi,Information Tech,2023,83,93,87
9064,Arjun Singh,Lucknow,Computer Science,2023,70,88,67
9065,Vishal Dubey,Mumbai,Information Tech,2025,63,90,83
9066,Rahul Mehta,Pune,Computer Science,2023,75,77,73
9067,Tanya Jain,Ahmedabad,IT,2024,79,82,65
9068,Ananya Sharma,Mumbai,Electrical,2024,81,74,66
9069,Tanya Jain,Jaipur,Electronics,2023,83,81,87
9070,Karan Verma,Jaipur,Computer Science,2025,70,81,79
9071,Sneha Reddy,Mumbai,Computer Science,2024,64,81,73
9072,Rahul Mehta,Lucknow,Mechanical,2025,80,78,82
9073,Sneha Reddy,Jaipur,Information Tech,2025,80,82,87
9074,Meera Iyer,Hyderabad,IT,2024,66,73,69
9075,Meera Iyer,Lucknow,Electronics,2024,76,84,75
9076,Karan Verma,Lucknow,Electrical,2024,78,94,76
9077,Priya Gupta,Chennai,Mechanical,2024,70,89,78
9078,Priya Gupta,Delhi,Civil,2024,68,87,74
9079,Ravi Patel,Indore,Electronics,2024,82,94,83
9080,Ravi Patel,Delhi,Mechanical,2023,62,79,75
9081,Tanya Jain,Pune,Computer Science,2024,76,85,87
9082,Tanya Jain,Mumbai,Information Tech,2024,79,93,84
9083,Sneha Reddy,Indore,Civil,2024,81,87,89
9084,Priya Gupta,Hyderabad,Electrical,2025,80,80,87
9085,Arjun Singh,Pune,Electronics,2024,78,70,76
9086,Tanya Jain,Chennai,Computer Science,2024,67,86,84
9087,Vishal Dubey,Lucknow,Electrical,2023,69,91,83
9088,Rahul Mehta,Mumbai,Electrical,2025,61,85,75
9089,Priya Gupta,Ahmedabad,Civil,2023,80,95,65
9090,Ananya Sharma,Mumbai,Civil,2023,71,73,79
9091,Sneha Reddy,Lucknow,Computer Science,2025,90,82,84
9092,Karan Verma,Delhi,Electronics,2025,71,94,65
9093,Ravi Patel,Lucknow,Information Tech,2025,69,83,79
9094,Meera Iyer,Mumbai,Computer Science,2023,74,91,80
9095,Arjun Singh,Delhi,Electrical,2024,65,71,68
9096,Karan Verma,Jaipur,Electrical,2023,70,72,89
9097,Arjun Singh,Hyderabad,Civil,2024,66,91,73
9098,Karan Verma,Indore,Information Tech,2023,84,91,82
9099,Tanya Jain,Pune,Mechanical,2024,73,89,75
9100,Vishal Dubey,Mumbai,Mechanical,2023,89,89,78
9101,Tanya Jain,Jaipur,Electronics,2023,85,79,80
9102,Ravi Patel,Jaipur,Computer Science,2024,82,81,65
9103,Karan Verma,Bangalore,Civil,2024,73,77,86
9104,Karan Verma,Ahmedabad,Electronics,2025,63,71,83
9105,Priya Gupta,Ahmedabad,Electronics,2024,63,83,72
9106,Rahul Mehta,Pune,Mechanical,2023,75,88,84
9107,Sneha Reddy,Ahmedabad,IT,2025,78,72,87
9108,Ananya Sharma,Ahmedabad,Information Tech,2023,76,74,86
9109,Meera Iyer,Lucknow,Mechanical,2023,70,88,88
9110,Vishal Dubey,Delhi,Computer Science,2025,87,93,65
9111,Tanya Jain,Ahmedabad,Civil,2025,70,71,71
9112,Vishal Dubey,Jaipur,Electrical,2023,88,78,74
9113,Arjun Singh,Delhi,Electrical,2023,88,90,74
9114,Tanya Jain,Ahmedabad,Civil,2023,85,75,75
9115,Meera Iyer,Lucknow,IT,2023,77,77,65
9116,Rahul Mehta,Pune,Electronics,2025,79,86,76
9117,Vishal Dubey,Pune,IT,2024,61,89,76
9118,Ananya Sharma,Lucknow,Electrical,2023,84,80,78
9119,Rahul Mehta,Pune,Information Tech,2025,90,80,71
9120,Ravi Patel,Mumbai,Information Tech,2023,75,80,74
9121,Vishal Dubey,Mumbai,Electronics,2025,87,74,67
9122,Meera Iyer,Delhi,Mechanical,2023,72,80,88
9123,Arjun Singh,Lucknow,Electrical,2025,88,70,72
9124,Priya Gupta,Pune,Electronics,2024,78,91,65
9125,Ananya Sharma,Delhi,Mechanical,2025,66,91,89
9126,Ananya Sharma,Pune,Mechanical,2025,64,80,69
9127,Karan Verma,Lucknow,Electrical,2023,60,83,78
9128,Ravi Patel,Hyderabad,Electrical,2023,74,81,81
9129,Priya Gupta,Bangalore,Electronics,2023,88,74,89
9130,Arjun Singh,Ahmedabad,Civil,2023,78,82,68
9131,Sneha Reddy,Mumbai,Civil,2023,79,95,79
9132,Tanya Jain,Chennai,Electrical,2023,90,70,75
9133,Sneha Reddy,Ahmedabad,Mechanical,2023,79,82,83
9134,Vishal Dubey,Indore,Mechanical,2025,65,72,66
9135,Ananya Sharma,Indore,Mechanical,2024,81,83,83
9136,Rahul Mehta,Ahmedabad,Electronics,2025,84,71,79
9137,Rahul Mehta,Indore,Electrical,2024,77,79,77
9138,Tanya Jain,Delhi,Civil,2025,83,93,74
9139,Ravi Patel,Pune,Computer Science,2025,67,73,66
9140,Sneha Reddy,Lucknow,Civil,2025,85,82,76
9141,Vishal Dubey,Ahmedabad,IT,2023,82,82,75
9142,Ananya Sharma,Jaipur,IT,2023,75,72,85
9143,Arjun Singh,Pune,Electrical,2024,62,93,75
9144,Tanya Jain,Chennai,Mechanical,2024,88,71,72
9145,Ravi Patel,Indore,IT,2025,68,84,74
9146,Rahul Mehta,Hyderabad,Electrical,2025,72,71,83
9147,Arjun Singh,Jaipur,Civil,2025,64,89,87
9148,Rahul Mehta,Bangalore,Electrical,2023,74,74,89
9149,Ravi Patel,Chennai,Electrical,2025,70,88,78
9150,Meera Iyer,Delhi,Information Tech,2024,88,95,76
9151,Meera Iyer,Lucknow,Civil,2023,72,88,76
9152,Rahul Mehta,Hyderabad,Computer Science,2023,82,74,89
9153,Tanya Jain,Bangalore,Mechanical,2023,65,75,70
9154,Ananya Sharma,Lucknow,Electrical,2025,67,76,89
9155,Rahul Mehta,Jaipur,Electronics,2024,83,81,76
9156,Karan Verma,Bangalore,Mechanical,2023,70,90,75
9157,Ravi Patel,Chennai,Mechanical,2024,78,82,75
9158,Ravi Patel,Delhi,Electrical,2024,68,70,85
9159,Ravi Patel,Hyderabad,Electrical,2023,78,74,68
9160,Vishal Dubey,Lucknow,Electrical,2024,89,75,75
9161,Vishal Dubey,Indore,IT,2023,86,81,82
9162,Vishal Dubey,Lucknow,Civil,2024,62,91,71
9163,Karan Verma,Bangalore,IT,2024,69,86,78
9164,Arjun Singh,Mumbai,Electrical,2025,82,94,66
9165,Rahul Mehta,Jaipur,IT,2025,67,89,85
9166,Arjun Singh,Hyderabad,Computer Science,2024,79,79,87
9167,Meera Iyer,Hyderabad,Computer Science,2023,85,93,82
9168,Ravi Patel,Mumbai,Computer Science,2025,65,94,80
9169,Priya Gupta,Lucknow,IT,2023,79,83,73
9170,Vishal Dubey,Lucknow,IT,2023,89,91,75
9171,Ravi Patel,Pune,Civil,2024,83,73,78
9172,Ananya Sharma,Jaipur,Electrical,2023,81,75,67
9173,Rahul Mehta,Pune,Information Tech,2023,67,70,73
9174,Arjun Singh,Indore,Computer Science,2023,70,71,86
9175,Sneha Reddy,Pune,IT,2025,68,79,82
9176,Ravi Patel,Pune,IT,2025,76,89,83
9177,Vishal Dubey,Pune,Electrical,2024,89,91,82
9178,Ananya Sharma,Indore,Civil,2025,86,77,72
9179,Arjun Singh,Indore,Civil,2023,69,88,89
9180,Karan Verma,Hyderabad,Mechanical,2025,60,73,80
9181,Sneha Reddy,Bangalore,Civil,2024,67,92,73
9182,Priya Gupta,Delhi,Information Tech,2024,88,88,80
9183,Karan Verma,Lucknow,Electrical,2024,89,72,89
9184,Priya Gupta,Indore,IT,2024,69,76,80
9185,Rahul Mehta,Pune,Civil,2025,82,80,83
9186,Ananya Sharma,Chennai,Mechanical,2024,80,72,77
9187,Sneha Reddy,Bangalore,Civil,2025,63,78,79
9188,Arjun Singh,Delhi,Civil,2024,86,74,81
9189,Vishal Dubey,Pune,Information Tech,2025,90,92,85
9190,Priya Gupta,Bangalore,Electrical,2023,74,71,75
9191,Rahul Mehta,Lucknow,Information Tech,2025,66,81,78
9192,Vishal Dubey,Jaipur,Mechanical,2024,62,79,72
9193,Rahul Mehta,Bangalore,Civil,2024,86,75,75
9194,Vishal Dubey,Chennai,Electrical,2024,62,92,84
9195,Tanya Jain,Chennai,Electronics,2025,65,93,73
9196,Priya Gupta,Bangalore,Computer Science,2023,83,73,72
9197,Vishal Dubey,Bangalore,IT,2024,80,80,78
9198,Ravi Patel,Delhi,Civil,2023,90,74,80
9199,Ravi Patel,Hyderabad,Electronics,2024,76,79,87
9200,Arjun Singh,Indore,Electronics,2023,88,78,76
9201,Vishal Dubey,Bangalore,Computer Science,2025,69,75,81
9202,Sneha Reddy,Delhi,Civil,2023,70,83,67
9203,Tanya Jain,Ahmedabad,Computer Science,2025,83,89,76
9204,Ananya Sharma,Chennai,Electrical,2023,84,87,90
9205,Sneha Reddy,Hyderabad,IT,2025,84,82,83
9206,Rahul Mehta,Indore,IT,2023,79,82,82
9207,Ravi Patel,Jaipur,Information Tech,2024,77,71,66
9208,Priya Gupta,Hyderabad,IT,2024,71,82,82
9209,Arjun Singh,Lucknow,Information Tech,2025,67,72,85
9210,Ravi Patel,Bangalore,Information Tech,2024,81,79,84
9211,Tanya Jain,Pune,Information Tech,2023,67,94,68
9212,Vishal Dubey,Pune,Computer Science,2025,77,80,68
9213,Ananya Sharma,Bangalore,Electronics,2025,62,78,67
9214,Tanya Jain,Chennai,Electronics,2025,86,75,83
9215,Sneha Reddy,Bangalore,Information Tech,2025,85,74,80
9216,Sneha Reddy,Mumbai,Computer Science,2024,77,76,67
9217,Ananya Sharma,Pune,Civil,2024,76,92,65
9218,Sneha Reddy,Pune,Computer Science,2025,62,85,66
9219,Arjun Singh,Hyderabad,Electronics,2025,70,79,79
9220,Sneha Reddy,Chennai,Mechanical,2025,65,75,80
9221,Meera Iyer,Hyderabad,Civil,2025,81,73,74
9222,Meera Iyer,Ahmedabad,Civil,2025,72,92,65
9223,Sneha Reddy,Delhi,Civil,2023,67,78,80
9224,Ananya Sharma,Bangalore,Mechanical,2025,72,89,70
9225,Priya Gupta,Jaipur,Electrical,2024,86,78,66
9226,Ravi Patel,Indore,Electronics,2024,84,74,78
9227,Ananya Sharma,Indore,Electrical,2024,63,85,81
9228,Priya Gupta,Ahmedabad,Mechanical,2025,70,88,73
9229,Ravi Patel,Chennai,IT,2024,72,72,69
9230,Priya Gupta,Hyderabad,Electrical,2024,71,89,69
9231,Arjun Singh,Hyderabad,Electronics,2024,62,80,89
9232,Priya Gupta,Lucknow,Civil,2025,89,82,82
9233,Sneha Reddy,Mumbai,Electronics,2023,73,91,89
9234,Vishal Dubey,Lucknow,Electrical,2025,80,92,87
9235,Ravi Patel,Hyderabad,IT,2024,85,92,76
9236,Priya Gupta,Delhi,IT,2025,77,93,86
9237,Tanya Jain,Mumbai,Electronics,2025,80,89,79
9238,Arjun Singh,Jaipur,Civil,2025,89,87,77
9239,Tanya Jain,Hyderabad,IT,2025,90,93,77
9240,Sneha Reddy,Delhi,Civil,2023,81,75,87
9241,Sneha Reddy,Delhi,Mechanical,2024,79,94,68
9242,Sneha Reddy,Lucknow,Mechanical,2023,61,85,84
9243,Ravi Patel,Pune,Electronics,2025,85,88,78
9244,Karan Verma,Hyderabad,Electrical,2024,61,74,87
9245,Ravi Patel,Ahmedabad,Electronics,2024,70,77,90
9246,Meera Iyer,Hyderabad,Civil,2024,68,93,70
9247,Ravi Patel,Hyderabad,Electronics,2023,90,84,81
9248,Tanya Jain,Mumbai,Computer Science,2024,81,88,78
9249,Rahul Mehta,Indore,Civil,2024,88,80,70
9250,Ravi Patel,Mumbai,Computer Science,2025,63,81,85
9251,Sneha Reddy,Hyderabad,Information Tech,2025,63,88,67
9252,Sneha Reddy,Jaipur,Computer Science,2023,86,85,86
9253,Karan Verma,Chennai,Electrical,2024,60,93,84
9254,Ravi Patel,Hyderabad,Civil,2024,78,77,70
9255,Priya Gupta,Lucknow,Electronics,2024,86,79,85
9256,Rahul Mehta,Hyderabad,Electronics,2023,66,76,76
9257,Ananya Sharma,Jaipur,Electronics,2024,89,85,68
9258,Rahul Mehta,Jaipur,IT,2025,81,75,80
9259,Ravi Patel,Jaipur,Computer Science,2023,77,86,84
9260,Priya Gupta,Bangalore,IT,2024,85,76,65
9261,Ananya Sharma,Indore,Civil,2024,61,74,74
9262,Sneha Reddy,Pune,Information Tech,2023,69,77,83
9263,Karan Verma,Indore,Electronics,2023,80,82,85
9264,Ravi Patel,Chennai,IT,2023,79,90,65
9265,Rahul Mehta,Indore,Civil,2023,86,72,71
9266,Vishal Dubey,Jaipur,Electrical,2023,82,91,68
9267,Rahul Mehta,Mumbai,Mechanical,2024,82,75,76
9268,Karan Verma,Chennai,Electrical,2024,70,72,81
9269,Rahul Mehta,Ahmedabad,Information Tech,2025,87,95,89
9270,Arjun Singh,Indore,Mechanical,2025,75,77,66
9271,Sneha Reddy,Chennai,Civil,2023,67,89,85
9272,Priya Gupta,Hyderabad,IT,2024,65,95,86
9273,Ravi Patel,Pune,Information Tech,2025,78,89,71
9274,Tanya Jain,Hyderabad,Mechanical,2025,68,91,90
9275,Tanya Jain,Hyderabad,Electronics,2023,84,88,85
9276,Arjun Singh,Chennai,IT,2023,83,77,76
9277,Karan Verma,Hyderabad,Electronics,2024,71,88,83
9278,Arjun Singh,Delhi,IT,2024,88,91,76
9279,Rahul Mehta,Bangalore,Civil,2023,82,80,88
9280,Rahul Mehta,Chennai,Electronics,2023,79,76,73
9281,Rahul Mehta,Hyderabad,Mechanical,2023,76,94,76
9282,Karan Verma,Pune,Civil,2023,83,92,68
9283,Tanya Jain,Chennai,Information Tech,2025,72,86,68
9284,Vishal Dubey,Hyderabad,Computer Science,2024,80,87,83
9285,Priya Gupta,Lucknow,Civil,2023,65,82,87
9286,Meera Iyer,Chennai,Mechanical,2025,67,80,65
9287,Priya Gupta,Lucknow,Computer Science,2024,70,77,87
9288,Rahul Mehta,Mumbai,Electronics,2023,74,82,71
9289,Priya Gupta,Ahmedabad,Civil,2024,73,93,86
9290,Tanya Jain,Lucknow,Mechanical,2025,79,76,81
9291,Ravi Patel,Delhi,Electronics,2024,66,71,79
9292,Rahul Mehta,Lucknow,Electrical,2024,90,90,90
9293,Vishal Dubey,Mumbai,Civil,2024,72,79,80
9294,Karan Verma,Jaipur,IT,2025,86,83,79
9295,Tanya Jain,Bangalore,Civil,2025,82,87,75
9296,Arjun Singh,Jaipur,Computer Science,2023,75,94,89
9297,Ravi Patel,Hyderabad,Civil,2024,82,74,76
9298,Sneha Reddy,Lucknow,Information Tech,2024,66,91,78
9299,Priya Gupta,Hyderabad,Electrical,2024,72,71,80
9300,Ananya Sharma,Delhi,Computer Science,2025,75,70,66
9301,Priya Gupta,Hyderabad,IT,2024,87,77,73
9302,Ravi Patel,Pune,Electrical,2024,87,72,69
9303,Ravi Patel,Ahmedabad,Electronics,2024,85,91,90
9304,Arjun Singh,Delhi,Mechanical,2024,71,80,82
9305,Arjun Singh,Ahmedabad,Electrical,2025,80,81,77
9306,Arjun Singh,Pune,Computer Science,2025,82,81,78
9307,Ananya Sharma,Lucknow,Electrical,2023,70,84,78
9308,Ananya Sharma,Mumbai,IT,2023,81,80,78
9309,Tanya Jain,Chennai,Information Tech,2023,72,81,86
9310,Tanya Jain,Lucknow,Mechanical,2025,83,75,66
9311,Sneha Reddy,Ahmedabad,Information Tech,2024,62,91,81
9312,Sneha Reddy,Mumbai,IT,2024,87,80,84
9313,Tanya Jain,Chennai,Information Tech,2025,75,94,74
9314,Arjun Singh,Indore,Mechanical,2024,81,85,88
9315,Vishal Dubey,Jaipur,Electronics,2023,76,86,78
9316,Karan Verma,Hyderabad,Civil,2025,68,85,70
9317,Vishal Dubey,Hyderabad,Civil,2024,76,75,68
9318,Priya Gupta,Bangalore,Computer Science,2024,90,78,72
9319,Ananya Sharma,Hyderabad,Mechanical,2023,77,87,70
9320,Priya Gupta,Indore,Mechanical,2024,65,75,84
9321,Ravi Patel,Lucknow,Information Tech,2024,74,92,77
9322,Karan Verma,Lucknow,IT,2025,73,77,89
9323,Ravi Patel,Hyderabad,Electronics,2025,67,91,75
9324,Vishal Dubey,Bangalore,IT,2023,83,75,77
9325,Arjun Singh,Pune,Computer Science,2023,67,74,65
9326,Sneha Reddy,Ahmedabad,Computer Science,2023,73,79,77
9327,Arjun Singh,Lucknow,IT,2025,83,77,86
9328,Sneha Reddy,Lucknow,Electrical,2023,64,95,73
9329,Tanya Jain,Chennai,Computer Science,2025,63,72,83
9330,Ananya Sharma,Mumbai,Civil,2025,66,80,72
9331,Priya Gupta,Mumbai,IT,2024,61,85,86
9332,Sneha Reddy,Hyderabad,Mechanical,2023,66,93,78
9333,Ravi Patel,Delhi,IT,2025,75,90,89
9334,Meera Iyer,Pune,Computer Science,2024,70,85,82
9335,Karan Verma,Pune,Information Tech,2025,65,75,72
9336,Rahul Mehta,Bangalore,Information Tech,2023,66,81,72
9337,Ananya Sharma,Hyderabad,Electronics,2024,85,73,70
9338,Sneha Reddy,Lucknow,Electronics,2023,89,78,85
9339,Rahul Mehta,Indore,Computer Science,2023,89,93,86
9340,Ravi Patel,Chennai,Civil,2023,88,86,89
9341,Rahul Mehta,Chennai,IT,2023,66,78,66
9342,Arjun Singh,Mumbai,Electrical,2025,80,75,74
9343,Tanya Jain,Delhi,IT,2024,84,94,70
9344,Ravi Patel,Ahmedabad,Electronics,2025,71,92,71
9345,Ravi Patel,Ahmedabad,Mechanical,2025,83,74,87
9346,Tanya Jain,Indore,Information Tech,2024,66,84,86
9347,Rahul Mehta,Lucknow,Electrical,2024,89,79,70
9348,Vishal Dubey,Hyderabad,IT,2023,81,79,75
9349,Ananya Sharma,Indore,IT,2023,88,73,87
9350,Ravi Patel,Hyderabad,Electronics,2024,70,76,70
9351,Tanya Jain,Lucknow,Information Tech,2023,62,73,68
9352,Arjun Singh,Delhi,IT,2023,86,92,88
9353,Ravi Patel,Hyderabad,Electronics,2025,75,95,83
9354,Arjun Singh,Indore,Information Tech,2025,61,92,72
9355,Rahul Mehta,Chennai,Computer Science,2025,64,70,86
9356,Ravi Patel,Pune,Computer Science,2023,65,81,74
9357,Sneha Reddy,Pune,Civil,2024,72,71,83
9358,Arjun Singh,Hyderabad,Mechanical,2025,74,72,66
9359,Rahul Mehta,Mumbai,Civil,2024,75,76,83
9360,Priya Gupta,Chennai,Computer Science,2024,65,79,75
9361,Rahul Mehta,Mumbai,Mechanical,2025,83,82,67
9362,Sneha Reddy,Hyderabad,Civil,2024,72,94,69
9363,Rahul Mehta,Bangalore,Mechanical,2025,66,93,70
9364,Meera Iyer,Lucknow,Information Tech,2024,87,94,88
9365,Karan Verma,Indore,Civil,2024,84,93,85
9366,Priya Gupta,Mumbai,Information Tech,2023,62,84,65
9367,Tanya Jain,Lucknow,Computer Science,2024,62,82,84
9368,Ravi Patel,Hyderabad,Information Tech,2023,61,79,88
9369,Rahul Mehta,Hyderabad,Civil,2025,80,91,74
9370,Sneha Reddy,Bangalore,Electrical,2025,71,80,89
9371,Sneha Reddy,Chennai,Information Tech,2024,81,92,80
9372,Tanya Jain,Lucknow,Computer Science,2025,87,82,81
9373,Karan Verma,Bangalore,Mechanical,2024,61,72,85
9374,Ravi Patel,Lucknow,Computer Science,2025,84,83,67
9375,Vishal Dubey,Jaipur,Civil,2023,80,74,88
9376,Ananya Sharma,Delhi,Civil,2023,80,89,76
9377,Vishal Dubey,Lucknow,Electronics,2025,89,89,73
9378,Rahul Mehta,Pune,Civil,2025,61,91,67
9379,Sneha Reddy,Ahmedabad,Information Tech,2023,62,92,69
9380,Rahul Mehta,Mumbai,Information Tech,2023,88,78,87
9381,Ravi Patel,Chennai,Electronics,2025,85,89,85
9382,Rahul Mehta,Jaipur,Civil,2025,68,87,88
9383,Rahul Mehta,Indore,IT,2023,80,72,74
9384,Vishal Dubey,Lucknow,Electronics,2024,90,76,73
9385,Vishal Dubey,Delhi,Information Tech,2025,69,83,78
9386,Arjun Singh,Chennai,Electrical,2023,86,80,73
9387,Ananya Sharma,Mumbai,Computer Science,2023,71,73,71
9388,Ananya Sharma,Pune,Electrical,2023,83,82,70
9389,Rahul Mehta,Chennai,Computer Science,2025,63,71,81
9390,Ananya Sharma,Jaipur,Electronics,2025,84,89,89
9391,Vishal Dubey,Jaipur,Civil,2024,72,87,72
9392,Ravi Patel,Mumbai,IT,2023,77,71,85
9393,Priya Gupta,Jaipur,Electronics,2024,68,76,79
9394,Ravi Patel,Jaipur,Electrical,2025,71,85,71
9395,Sneha Reddy,Delhi,Computer Science,2025,60,88,69
9396,Priya Gupta,Indore,Mechanical,2025,71,88,82
9397,Tanya Jain,Jaipur,Electronics,2025,84,78,66
9398,Arjun Singh,Pune,Mechanical,2023,89,93,66
9399,Vishal Dubey,Ahmedabad,IT,2023,87,90,78
9400,Vishal Dubey,Jaipur,Civil,2023,85,86,90
9401,Ananya Sharma,Ahmedabad,Civil,2025,66,80,76
9402,Ravi Patel,Jaipur,IT,2024,60,74,74
9403,Arjun Singh,Mumbai,Civil,2025,85,77,88
9404,Sneha Reddy,Jaipur,Electrical,2025,65,84,86
9405,Karan Verma,Pune,Civil,2024,82,94,65
9406,Meera Iyer,Mumbai,Electronics,2025,74,76,79
9407,Ravi Patel,Ahmedabad,Electronics,2023,87,71,66
9408,Karan Verma,Hyderabad,IT,2023,61,73,66
9409,Vishal Dubey,Lucknow,Information Tech,2025,88,89,87
9410,Priya Gupta,Jaipur,Electrical,2025,64,81,77
9411,Sneha Reddy,Pune,Civil,2024,73,79,75
9412,Ananya Sharma,Indore,Civil,2024,70,92,89
9413,Vishal Dubey,Mumbai,Computer Science,2024,88,87,87
9414,Karan Verma,Chennai,Electronics,2024,60,88,72
9415,Vishal Dubey,Chennai,Information Tech,2023,60,81,88
9416,Priya Gupta,Indore,Civil,2024,67,86,86
9417,Sneha Reddy,Lucknow,Electronics,2024,64,71,66
9418,Tanya Jain,Pune,Information Tech,2025,69,72,67
9419,Priya Gupta,Ahmedabad,Information Tech,2025,63,88,71
9420,Ravi Patel,Ahmedabad,Electronics,2025,88,73,69
9421,Vishal Dubey,Jaipur,Information Tech,2025,87,73,74
9422,Rahul Mehta,Delhi,Mechanical,2023,74,90,65
9423,Ananya Sharma,Jaipur,IT,2025,79,73,65
9424,Karan Verma,Jaipur,Information Tech,2025,84,91,88
9425,Ravi Patel,Lucknow,Civil,2024,62,79,84
9426,Meera Iyer,Delhi,Computer Science,2025,87,90,80
9427,Meera Iyer,Pune,IT,2025,65,92,74
9428,Priya Gupta,Ahmedabad,IT,2025,68,86,81
9429,Vishal Dubey,Jaipur,Electronics,2025,85,85,75
9430,Vishal Dubey,Jaipur,IT,2025,87,70,83
9431,Rahul Mehta,Bangalore,IT,2023,88,73,75
9432,Vishal Dubey,Pune,Electrical,2023,70,88,78
9433,Arjun Singh,Delhi,Computer Science,2024,76,93,75
9434,Ananya Sharma,Jaipur,Electrical,2024,69,89,66
9435,Rahul Mehta,Mumbai,Information Tech,2024,72,86,70
9436,Priya Gupta,Mumbai,IT,2024,70,81,88
9437,Karan Verma,Lucknow,IT,2025,64,74,77
9438,Sneha Reddy,Bangalore,Information Tech,2025,67,91,79
9439,Arjun Singh,Ahmedabad,Electrical,2025,86,81,68
9440,Priya Gupta,Lucknow,Electronics,2025,73,83,76
9441,Arjun Singh,Hyderabad,IT,2025,82,87,76
9442,Priya Gupta,Lucknow,IT,2023,75,85,81
9443,Meera Iyer,Hyderabad,Computer Science,2025,70,83,87
9444,Arjun Singh,Ahmedabad,Electrical,2025,63,74,71
9445,Priya Gupta,Pune,Mechanical,2023,66,70,67
9446,Karan Verma,Bangalore,Information Tech,2023,70,87,86
9447,Sneha Reddy,Pune,Information Tech,2023,67,79,85
9448,Ravi Patel,Bangalore,Civil,2023,73,88,76
9449,Karan Verma,Bangalore,IT,2025,74,72,80
9450,Arjun Singh,Jaipur,Electrical,2023,76,71,82
9451,Rahul Mehta,Jaipur,Electronics,2025,86,87,67
9452,Arjun Singh,Bangalore,Information Tech,2024,65,95,69
9453,Arjun Singh,Bangalore,IT,2024,79,71,78
9454,Vishal Dubey,Delhi,Electronics,2024,79,91,88
9455,Arjun Singh,Indore,IT,2025,85,94,76
9456,Vishal Dubey,Pune,Computer Science,2025,87,94,72
9457,Priya Gupta,Pune,IT,2023,62,72,83
9458,Meera Iyer,Delhi,Electrical,2024,83,82,71
9459,Karan Verma,Pune,IT,2024,78,77,76
9460,Arjun Singh,Jaipur,Computer Science,2025,68,73,74
9461,Rahul Mehta,Delhi,Information Tech,2025,87,84,67
9462,Sneha Reddy,Chennai,Civil,2024,63,89,86
9463,Tanya Jain,Indore,Mechanical,2023,75,84,83
9464,Meera Iyer,Lucknow,Computer Science,2024,71,77,87
9465,Arjun Singh,Delhi,Information Tech,2023,65,72,77
9466,Karan Verma,Indore,Electrical,2025,75,86,78
9467,Vishal Dubey,Mumbai,Computer Science,2023,68,81,76
9468,Priya Gupta,Lucknow,IT,2025,74,72,77
9469,Meera Iyer,Mumbai,Information Tech,2024,84,93,73
9470,Meera Iyer,Jaipur,Civil,2023,63,89,74
9471,Rahul Mehta,Indore,IT,2025,75,81,79
9472,Arjun Singh,Jaipur,IT,2024,77,81,88
9473,Karan Verma,Hyderabad,IT,2023,76,86,88
9474,Meera Iyer,Jaipur,Computer Science,2025,67,94,67
9475,Ravi Patel,Chennai,Computer Science,2025,74,74,85
9476,Vishal Dubey,Indore,IT,2024,67,85,75
9477,Sneha Reddy,Pune,Electronics,2023,69,79,77
9478,Ravi Patel,Mumbai,IT,2024,69,79,89
9479,Ravi Patel,Indore,Computer Science,2023,63,86,69
9480,Arjun Singh,Delhi,Civil,2023,81,78,85
9481,Rahul Mehta,Mumbai,Electronics,2024,79,71,82
9482,Karan Verma,Hyderabad,Civil,2023,72,75,80
9483,Tanya Jain,Ahmedabad,Electronics,2023,75,78,89
9484,Sneha Reddy,Delhi,Computer Science,2025,89,86,82
9485,Sneha Reddy,Bangalore,Information Tech,2025,76,78,67
9486,Sneha Reddy,Bangalore,IT,2024,87,78,79
9487,Karan Verma,Hyderabad,Electrical,2024,65,76,77
9488,Vishal Dubey,Pune,Civil,2025,72,85,71
9489,Ananya Sharma,Chennai,Electronics,2023,87,72,87
9490,Tanya Jain,Chennai,Information Tech,2024,73,80,66
9491,Vishal Dubey,Bangalore,Civil,2023,77,90,84
9492,Vishal Dubey,Mumbai,Mechanical,2025,81,89,82
9493,Ananya Sharma,Chennai,Electronics,2025,65,80,75
9494,Arjun Singh,Bangalore,Civil,2023,72,72,72
9495,Karan Verma,Bangalore,Computer Science,2023,73,83,77
9496,Priya Gupta,Hyderabad,Information Tech,2023,82,71,89
9497,Priya Gupta,Bangalore,Electrical,2024,79,89,77
9498,Sneha Reddy,Pune,Civil,2024,65,78,76
9499,Ananya Sharma,Ahmedabad,Electronics,2024,72,85,88
9500,Rahul Mehta,Indore,Electrical,2025,90,80,80
9501,Arjun Singh,Indore,Mechanical,2024,75,95,78
9502,Karan Verma,Pune,IT,2023,84,92,67
9503,Priya Gupta,Mumbai,Electrical,2025,61,91,81
9504,Ananya Sharma,Pune,Information Tech,2025,64,81,67
9505,Vishal Dubey,Mumbai,Information Tech,2024,87,74,80
9506,Tanya Jain,Delhi,Electrical,2024,69,83,88
9507,Priya Gupta,Delhi,Information Tech,2025,85,88,83
9508,Arjun Singh,Hyderabad,Electronics,2023,76,79,76
9509,Arjun Singh,Ahmedabad,Civil,2024,70,82,69
9510,Karan Verma,Lucknow,Electrical,2024,61,80,88
9511,Priya Gupta,Mumbai,Computer Science,2024,75,70,86
9512,Tanya Jain,Chennai,Electrical,2025,85,74,68
9513,Meera Iyer,Hyderabad,Electronics,2023,64,80,74
9514,Vishal Dubey,Delhi,Electronics,2025,76,75,76
9515,Rahul Mehta,Ahmedabad,Civil,2023,76,87,74
9516,Karan Verma,Jaipur,Computer Science,2025,76,79,73
9517,Arjun Singh,Pune,Information Tech,2023,71,75,65
9518,Ravi Patel,Chennai,Electrical,2025,89,79,69
9519,Tanya Jain,Ahmedabad,Civil,2023,80,80,82
9520,Vishal Dubey,Ahmedabad,Information Tech,2023,86,92,76
9521,Priya Gupta,Hyderabad,Computer Science,2024,63,93,86
9522,Vishal Dubey,Bangalore,IT,2025,77,86,84
9523,Priya Gupta,Mumbai,Electronics,2025,73,81,86
9524,Vishal Dubey,Indore,Civil,2024,72,83,73
9525,Arjun Singh,Mumbai,Mechanical,2023,76,88,82
9526,Ravi Patel,Jaipur,Electrical,2024,74,80,70
9527,Ravi Patel,Delhi,Electrical,2025,76,84,86
9528,Sneha Reddy,Bangalore,IT,2025,81,72,76
9529,Tanya Jain,Delhi,IT,2025,79,77,80
9530,Sneha Reddy,Ahmedabad,Information Tech,2025,63,92,82
9531,Rahul Mehta,Chennai,Information Tech,2023,62,95,71
9532,Priya Gupta,Indore,Information Tech,2023,67,77,88
9533,Meera Iyer,Hyderabad,Civil,2023,83,74,83
9534,Vishal Dubey,Lucknow,IT,2025,63,75,68
9535,Rahul Mehta,Delhi,Mechanical,2024,89,76,73
9536,Ravi Patel,Delhi,Civil,2024,83,89,71
9537,Vishal Dubey,Hyderabad,Electrical,2023,79,80,72
9538,Arjun Singh,Delhi,Electronics,2025,83,89,66
9539,Karan Verma,Hyderabad,Electronics,2023,83,77,69
9540,Karan Verma,Jaipur,Electrical,2025,84,90,78
9541,Tanya Jain,Mumbai,Electrical,2023,72,75,86
9542,Ananya Sharma,Chennai,IT,2024,79,93,69
9543,Ananya Sharma,Jaipur,IT,2023,65,79,84
9544,Ananya Sharma,Pune,Computer Science,2023,81,92,82
9545,Tanya Jain,Ahmedabad,Civil,2024,73,81,82
9546,Priya Gupta,Indore,Civil,2024,87,94,87
9547,Rahul Mehta,Ahmedabad,Civil,2025,80,75,81
9548,Arjun Singh,Hyderabad,Civil,2025,80,91,87
9549,Rahul Mehta,Pune,Civil,2025,86,87,86
9550,Meera Iyer,Ahmedabad,Mechanical,2023,87,84,85
9551,Ananya Sharma,Jaipur,Mechanical,2024,79,83,79
9552,Sneha Reddy,Bangalore,IT,2024,63,81,88
9553,Vishal Dubey,Lucknow,Mechanical,2025,71,87,84
9554,Rahul Mehta,Jaipur,Mechanical,2023,60,94,81
9555,Ananya Sharma,Indore,Electronics,2023,81,81,72
9556,Ananya Sharma,Hyderabad,Mechanical,2025,89,83,87
9557,Karan Verma,Delhi,Electronics,2023,75,90,71
9558,Vishal Dubey,Delhi,Mechanical,2024,66,78,76
9559,Sneha Reddy,Pune,IT,2025,83,73,84
9560,Meera Iyer,Delhi,IT,2024,72,78,70
9561,Arjun Singh,Mumbai,Information Tech,2025,66,88,79
9562,Ananya Sharma,Lucknow,Information Tech,2024,73,75,79
9563,Rahul Mehta,Lucknow,Civil,2024,64,79,77
9564,Ananya Sharma,Chennai,Electronics,2025,78,90,81
9565,Priya Gupta,Pune,IT,2025,73,78,88
9566,Tanya Jain,Ahmedabad,Electrical,2024,71,95,74
9567,Karan Verma,Jaipur,Information Tech,2023,68,71,86
9568,Sneha Reddy,Lucknow,IT,2023,89,87,81
9569,Tanya Jain,Pune,Information Tech,2023,86,92,83
9570,Priya Gupta,Lucknow,Electronics,2023,86,75,71
9571,Ananya Sharma,Lucknow,Electronics,2023,74,75,84
9572,Meera Iyer,Bangalore,Electrical,2023,66,76,71
9573,Vishal Dubey,Mumbai,Civil,2023,89,85,85
9574,Ravi Patel,Delhi,Mechanical,2024,74,82,89
9575,Vishal Dubey,Lucknow,Electronics,2024,88,88,89
9576,Sneha Reddy,Delhi,Electrical,2025,69,71,89
9577,Ananya Sharma,Delhi,Electrical,2025,65,74,70
9578,Vishal Dubey,Ahmedabad,Information Tech,2023,82,89,69
9579,Arjun Singh,Mumbai,Electronics,2024,76,89,84
9580,Meera Iyer,Indore,IT,2023,81,74,86
9581,Ravi Patel,Indore,IT,2024,90,74,73
9582,Rahul Mehta,Pune,Electronics,2023,75,78,81
9583,Ravi Patel,Jaipur,IT,2023,70,92,82
9584,Tanya Jain,Lucknow,Electronics,2025,68,85,87
9585,Arjun Singh,Chennai,Civil,2025,71,71,85
9586,Priya Gupta,Lucknow,Electronics,2025,89,91,89
9587,Arjun Singh,Delhi,Electronics,2024,61,93,73
9588,Ananya Sharma,Bangalore,Electronics,2024,63,82,90
9589,Priya Gupta,Jaipur,Electrical,2025,74,90,83
9590,Vishal Dubey,Pune,Electrical,2025,61,94,68
9591,Vishal Dubey,Indore,Mechanical,2024,73,78,78
9592,Ravi Patel,Hyderabad,Electrical,2023,88,85,79
9593,Priya Gupta,Indore,Information Tech,2024,79,88,72
9594,Rahul Mehta,Jaipur,Computer Science,2025,65,71,89
9595,Arjun Singh,Bangalore,Electronics,2023,74,93,87
9596,Meera Iyer,Pune,Computer Science,2023,77,73,85
9597,Rahul Mehta,Hyderabad,Civil,2025,80,72,68
9598,Meera Iyer,Indore,Mechanical,2023,82,93,68
9599,Meera Iyer,Hyderabad,Computer Science,2024,85,80,67
9600,Karan Verma,Lucknow,Computer Science,2024,61,79,86
9601,Meera Iyer,Pune,Electronics,2023,62,94,89
9602,Karan Verma,Hyderabad,Electronics,2025,76,81,75
9603,Ananya Sharma,Delhi,Mechanical,2023,66,81,74
9604,Priya Gupta,Indore,Electronics,2025,68,86,67
9605,Vishal Dubey,Lucknow,Computer Science,2025,89,82,73
9606,Vishal Dubey,Ahmedabad,Mechanical,2023,80,79,71
9607,Arjun Singh,Indore,Electronics,2024,86,70,80
9608,Ravi Patel,Delhi,Computer Science,2024,83,71,82
9609,Rahul Mehta,Ahmedabad,IT,2024,78,88,77
9610,Arjun Singh,Indore,Computer Science,2023,89,93,84
9611,Tanya Jain,Chennai,Mechanical,2025,62,82,74
9612,Sneha Reddy,Hyderabad,Electrical,2023,83,95,88
9613,Meera Iyer,Ahmedabad,IT,2025,88,80,88
9614,Karan Verma,Jaipur,Electrical,2023,69,85,69
9615,Arjun Singh,Bangalore,Computer Science,2024,64,77,83
9616,Vishal Dubey,Jaipur,Electrical,2024,76,72,80
9617,Tanya Jain,Bangalore,Mechanical,2024,84,79,79
9618,Priya Gupta,Pune,Civil,2025,89,93,71
9619,Arjun Singh,Ahmedabad,Civil,2024,61,85,66
9620,Vishal Dubey,Bangalore,Computer Science,2023,74,94,76
9621,Meera Iyer,Delhi,Civil,2025,61,70,83
9622,Ravi Patel,Indore,Electrical,2025,66,74,88
9623,Tanya Jain,Lucknow,Computer Science,2025,69,76,78
9624,Sneha Reddy,Indore,Electrical,2023,81,73,88
9625,Karan Verma,Ahmedabad,Civil,2025,86,92,73
9626,Ravi Patel,Jaipur,Electronics,2025,80,72,84
9627,Ananya Sharma,Chennai,Electrical,2023,63,77,80
9628,Ravi Patel,Chennai,Computer Science,2024,72,87,84
9629,Rahul Mehta,Indore,Electrical,2023,64,84,89
9630,Karan Verma,Indore,Electronics,2023,63,84,68
9631,Rahul Mehta,Mumbai,Mechanical,2023,65,86,90
9632,Meera Iyer,Mumbai,IT,2023,60,71,70
9633,Ravi Patel,Pune,Civil,2023,77,94,71
9634,Ananya Sharma,Mumbai,Computer Science,2025,79,81,82
9635,Karan Verma,Delhi,Computer Science,2023,61,79,65
9636,Ananya Sharma,Indore,Electrical,2024,82,74,84
9637,Vishal Dubey,Jaipur,IT,2024,83,89,84
9638,Sneha Reddy,Ahmedabad,IT,2024,80,94,90
9639,Sneha Reddy,Delhi,Electronics,2024,84,71,70
9640,Priya Gupta,Jaipur,Civil,2024,75,78,79
9641,Vishal Dubey,Mumbai,Electrical,2024,68,84,81
9642,Sneha Reddy,Ahmedabad,IT,2025,86,86,88
9643,Karan Verma,Lucknow,Civil,2023,89,92,76
9644,Tanya Jain,Mumbai,Mechanical,2024,76,72,71
9645,Arjun Singh,Jaipur,Mechanical,2023,61,90,89
9646,Sneha Reddy,Ahmedabad,Electrical,2025,69,71,67
9647,Tanya Jain,Mumbai,Mechanical,2023,83,74,78
9648,Karan Verma,Hyderabad,IT,2025,69,80,72
9649,Meera Iyer,Mumbai,Computer Science,2023,77,76,89
9650,Meera Iyer,Delhi,Civil,2023,86,83,85
9651,Ananya Sharma,Chennai,Civil,2024,77,91,71
9652,Vishal Dubey,Hyderabad,Electronics,2025,66,89,77
9653,Sneha Reddy,Lucknow,Information Tech,2025,66,75,83
9654,Priya Gupta,Pune,Information Tech,2024,81,94,68
9655,Arjun Singh,Chennai,Mechanical,2023,88,79,83
9656,Ravi Patel,Lucknow,Electronics,2023,79,72,72
9657,Rahul Mehta,Mumbai,Information Tech,2024,77,82,71
9658,Meera Iyer,Indore,Computer Science,2025,67,76,73
9659,Sneha Reddy,Jaipur,Mechanical,2024,79,76,70
9660,Vishal Dubey,Ahmedabad,Information Tech,2023,82,73,74
9661,Vishal Dubey,Hyderabad,Mechanical,2025,88,87,78
9662,Rahul Mehta,Jaipur,IT,2025,63,73,74
9663,Sneha Reddy,Hyderabad,Civil,2023,66,94,77
9664,Rahul Mehta,Delhi,Civil,2024,63,85,75
9665,Meera Iyer,Pune,Information Tech,2024,76,71,69
9666,Priya Gupta,Chennai,Mechanical,2024,63,87,81
9667,Priya Gupta,Ahmedabad,Computer Science,2025,89,71,68
9668,Ananya Sharma,Delhi,IT,2024,89,71,89
9669,Meera Iyer,Jaipur,Computer Science,2024,62,81,71
9670,Priya Gupta,Bangalore,Mechanical,2025,66,87,67
9671,Tanya Jain,Jaipur,Electronics,2023,84,70,68
9672,Meera Iyer,Indore,Information Tech,2025,63,87,67
9673,Meera Iyer,Indore,IT,2023,62,80,69
9674,Tanya Jain,Hyderabad,Computer Science,2023,69,86,76
9675,Arjun Singh,Indore,Mechanical,2024,77,94,72
9676,Ravi Patel,Mumbai,Electrical,2024,76,92,84
9677,Ravi Patel,Chennai,Electrical,2025,68,87,81
9678,Sneha Reddy,Lucknow,IT,2023,77,78,90
9679,Tanya Jain,Indore,Mechanical,2023,67,90,73
9680,Tanya Jain,Lucknow,Civil,2025,75,95,75
9681,Karan Verma,Jaipur,Computer Science,2025,74,92,87
9682,Rahul Mehta,Indore,Mechanical,2023,63,75,72
9683,Arjun Singh,Ahmedabad,Electronics,2025,61,79,88
9684,Arjun Singh,Ahmedabad,Electrical,2023,69,89,79
9685,Meera Iyer,Delhi,IT,2024,69,86,77
9686,Meera Iyer,Indore,Civil,2023,89,77,88
9687,Ananya Sharma,Lucknow,Information Tech,2024,68,92,87
9688,Sneha Reddy,Indore,IT,2025,88,71,86
9689,Priya Gupta,Indore,Electrical,2024,65,92,76
9690,Meera Iyer,Jaipur,Computer Science,2024,74,90,84
9691,Karan Verma,Mumbai,Information Tech,2024,77,80,81
9692,Tanya Jain,Lucknow,Computer Science,2025,74,88,85
9693,Ananya Sharma,Bangalore,Mechanical,2025,68,73,80
9694,Priya Gupta,Pune,Computer Science,2023,70,78,76
9695,Ananya Sharma,Mumbai,Electronics,2023,89,85,79
9696,Karan Verma,Jaipur,IT,2023,70,92,69
9697,Ravi Patel,Jaipur,Electrical,2025,83,78,88
9698,Rahul Mehta,Delhi,Civil,2024,83,83,69
9699,Priya Gupta,Hyderabad,Mechanical,2023,83,88,81
9700,Ravi Patel,Pune,Computer Science,2024,79,91,78
9701,Ravi Patel,Delhi,Electrical,2024,71,88,79
9702,Arjun Singh,Delhi,Electronics,2024,68,74,78
9703,Vishal Dubey,Chennai,Electrical,2024,88,80,70
9704,Arjun Singh,Chennai,Electronics,2023,67,90,69
9705,Sneha Reddy,Ahmedabad,Electrical,2025,82,82,80
9706,Karan Verma,Pune,Information Tech,2025,85,77,89
9707,Vishal Dubey,Chennai,IT,2023,70,84,76
9708,Sneha Reddy,Delhi,Computer Science,2024,88,86,73
9709,Vishal Dubey,Mumbai,Information Tech,2025,62,74,85
9710,Ravi Patel,Ahmedabad,IT,2025,65,80,83
9711,Arjun Singh,Hyderabad,Information Tech,2024,84,94,90
9712,Vishal Dubey,Hyderabad,Electrical,2024,85,93,75
9713,Ananya Sharma,Hyderabad,IT,2024,76,75,71
9714,Karan Verma,Lucknow,Computer Science,2025,83,88,84
9715,Rahul Mehta,Bangalore,Mechanical,2025,71,76,76
9716,Vishal Dubey,Chennai,Electrical,2024,63,83,88
9717,Sneha Reddy,Indore,Electronics,2025,61,83,70
9718,Ravi Patel,Ahmedabad,Civil,2023,82,87,74
9719,Vishal Dubey,Chennai,Electrical,2025,62,78,85
9720,Karan Verma,Chennai,IT,2025,61,82,89
9721,Priya Gupta,Hyderabad,Mechanical,2025,86,76,85
9722,Ananya Sharma,Pune,Information Tech,2025,76,85,88
9723,Priya Gupta,Mumbai,IT,2024,83,92,85
9724,Rahul Mehta,Delhi,Electrical,2024,84,70,83
9725,Karan Verma,Mumbai,Information Tech,2025,83,91,71
9726,Ravi Patel,Delhi,Electronics,2025,79,74,87
9727,Sneha Reddy,Bangalore,IT,2024,78,95,66
9728,Sneha Reddy,Chennai,Electrical,2025,87,73,74
9729,Tanya Jain,Delhi,Civil,2023,89,89,78
9730,Arjun Singh,Pune,Electrical,2024,77,75,89
9731,Ravi Patel,Hyderabad,Mechanical,2024,82,91,80
9732,Meera Iyer,Delhi,Information Tech,2023,69,81,85
9733,Ananya Sharma,Indore,Information Tech,2024,65,85,85
9734,Karan Verma,Hyderabad,Electronics,2024,63,71,83
9735,Tanya Jain,Ahmedabad,Computer Science,2024,80,77,71
9736,Rahul Mehta,Lucknow,Computer Science,2023,77,82,86
9737,Vishal Dubey,Pune,IT,2023,78,91,80
9738,Ravi Patel,Jaipur,Computer Science,2023,83,86,77
9739,Meera Iyer,Jaipur,Electrical,2025,84,88,70
9740,Tanya Jain,Ahmedabad,Electronics,2025,82,72,74
9741,Arjun Singh,Ahmedabad,IT,2023,72,71,85
9742,Sneha Reddy,Bangalore,IT,2024,66,92,66
9743,Priya Gupta,Lucknow,Mechanical,2025,86,90,68
9744,Rahul Mehta,Chennai,Electronics,2024,62,83,66
9745,Priya Gupta,Hyderabad,Information Tech,2025,61,73,83
9746,Vishal Dubey,Indore,Civil,2025,85,70,88
9747,Meera Iyer,Indore,Electronics,2023,83,83,72
9748,Karan Verma,Jaipur,Electronics,2025,89,92,66
9749,Karan Verma,Bangalore,Electronics,2024,70,71,78
9750,Ravi Patel,Mumbai,Mechanical,2023,84,94,72
9751,Sneha Reddy,Indore,IT,2025,82,88,87
9752,Ananya Sharma,Mumbai,Electronics,2023,76,85,73
9753,Meera Iyer,Delhi,Electrical,2024,88,93,85
9754,Priya Gupta,Indore,Information Tech,2023,72,77,68
9755,Meera Iyer,Hyderabad,Electrical,2023,60,88,83
9756,Ravi Patel,Lucknow,IT,2025,76,91,69
9757,Ananya Sharma,Hyderabad,Civil,2024,80,91,81
9758,Vishal Dubey,Hyderabad,Computer Science,2024,76,77,80
9759,Sneha Reddy,Indore,IT,2023,74,94,68
9760,Ravi Patel,Bangalore,IT,2025,83,86,76
9761,Ananya Sharma,Jaipur,Electrical,2023,83,89,82
9762,Ananya Sharma,Lucknow,Electronics,2024,82,71,81
9763,Sneha Reddy,Pune,Civil,2025,61,73,79
9764,Meera Iyer,Delhi,Computer Science,2024,72,95,66
9765,Priya Gupta,Hyderabad,Information Tech,2024,67,83,67
9766,Sneha Reddy,Indore,Electrical,2023,77,76,66
9767,Tanya Jain,Bangalore,Mechanical,2025,67,85,88
9768,Arjun Singh,Ahmedabad,Computer Science,2023,80,78,74
9769,Tanya Jain,Ahmedabad,Electrical,2025,62,81,76
9770,Karan Verma,Jaipur,Mechanical,2023,65,79,80
9771,Rahul Mehta,Ahmedabad,IT,2024,87,94,87
9772,Ananya Sharma,Bangalore,Electrical,2024,88,84,81
9773,Vishal Dubey,Lucknow,Information Tech,2024,75,81,68
9774,Rahul Mehta,Ahmedabad,Computer Science,2024,81,90,65
9775,Rahul Mehta,Bangalore,Computer Science,2023,78,92,66
9776,Vishal Dubey,Bangalore,IT,2023,80,85,70
9777,Sneha Reddy,Jaipur,Information Tech,2024,70,92,73
9778,Ananya Sharma,Pune,Electrical,2025,69,93,75
9779,Rahul Mehta,Chennai,Civil,2024,73,76,79
9780,Tanya Jain,Chennai,Electrical,2023,81,88,81
9781,Rahul Mehta,Indore,Mechanical,2025,80,86,86
9782,Vishal Dubey,Mumbai,Computer Science,2025,76,84,69
9783,Vishal Dubey,Hyderabad,Civil,2024,75,78,81
9784,Meera Iyer,Lucknow,Mechanical,2023,79,84,76
9785,Ravi Patel,Indore,IT,2024,83,71,89
9786,Ravi Patel,Delhi,Mechanical,2025,68,70,82
9787,Priya Gupta,Delhi,IT,2024,90,82,73
9788,Vishal Dubey,Ahmedabad,Mechanical,2025,61,78,79
9789,Priya Gupta,Bangalore,Information Tech,2024,79,90,68
9790,Sneha Reddy,Indore,Electrical,2024,73,80,78
9791,Arjun Singh,Jaipur,Information Tech,2025,86,72,85
9792,Arjun Singh,Hyderabad,Electronics,2023,88,82,90
9793,Rahul Mehta,Lucknow,Electrical,2025,61,90,76
9794,Sneha Reddy,Bangalore,Electronics,2024,73,93,68
9795,Karan Verma,Hyderabad,IT,2023,78,85,76
9796,Ananya Sharma,Chennai,Information Tech,2025,73,79,85
9797,Vishal Dubey,Pune,Civil,2025,65,95,87
9798,Arjun Singh,Lucknow,IT,2023,67,95,80
9799,Arjun Singh,Hyderabad,Mechanical,2025,71,89,84
9800,Meera Iyer,Mumbai,Mechanical,2025,83,93,73
9801,Sneha Reddy,Jaipur,IT,2025,75,82,66
9802,Tanya Jain,Chennai,Electronics,2025,74,90,77
9803,Tanya Jain,Bangalore,Electrical,2023,80,92,84
9804,Tanya Jain,Mumbai,IT,2023,62,77,87
9805,Tanya Jain,Lucknow,Information Tech,2025,80,84,65
9806,Rahul Mehta,Ahmedabad,Civil,2024,85,77,87
9807,Karan Verma,Jaipur,Civil,2025,80,95,73
9808,Meera Iyer,Ahmedabad,Information Tech,2025,61,72,88
9809,Ravi Patel,Bangalore,Electronics,2024,72,73,66
9810,Ananya Sharma,Delhi,Mechanical,2025,77,84,67
9811,Tanya Jain,Delhi,Information Tech,2023,68,83,80
9812,Rahul Mehta,Chennai,Computer Science,2025,64,86,71
9813,Arjun Singh,Chennai,IT,2023,75,79,76
9814,Ananya Sharma,Indore,Mechanical,2023,84,83,65
9815,Tanya Jain,Jaipur,Information Tech,2023,66,76,76
9816,Ananya Sharma,Ahmedabad,Electronics,2025,69,92,72
9817,Ravi Patel,Bangalore,Mechanical,2024,67,72,73
9818,Sneha Reddy,Lucknow,Information Tech,2025,65,72,86
9819,Karan Verma,Mumbai,Electronics,2024,76,81,90
9820,Arjun Singh,Jaipur,Computer Science,2023,72,94,74
9821,Meera Iyer,Lucknow,Computer Science,2024,79,92,77
9822,Sneha Reddy,Hyderabad,Computer Science,2023,75,77,82
9823,Priya Gupta,Mumbai,Mechanical,2025,85,89,87
9824,Arjun Singh,Pune,Civil,2024,61,72,83
9825,Ravi Patel,Chennai,IT,2025,77,89,69
9826,Sneha Reddy,Chennai,Information Tech,2024,78,87,81
9827,Sneha Reddy,Bangalore,Mechanical,2023,87,75,66
9828,Tanya Jain,Pune,Computer Science,2023,69,89,79
9829,Ananya Sharma,Ahmedabad,Computer Science,2024,68,77,85
9830,Arjun Singh,Lucknow,Electrical,2023,65,93,65
9831,Ravi Patel,Lucknow,Electronics,2025,79,84,72
9832,Rahul Mehta,Delhi,IT,2024,73,72,76
9833,Rahul Mehta,Delhi,Electrical,2024,64,94,65
9834,Karan Verma,Delhi,Mechanical,2025,61,94,78
9835,Arjun Singh,Jaipur,Electronics,2023,79,79,83
9836,Vishal Dubey,Bangalore,Mechanical,2023,84,75,76
9837,Priya Gupta,Chennai,Information Tech,2023,65,75,65
9838,Sneha Reddy,Bangalore,Electrical,2025,68,87,79
9839,Ravi Patel,Pune,Electronics,2023,80,72,84
9840,Ananya Sharma,Hyderabad,Information Tech,2023,88,92,69
9841,Karan Verma,Ahmedabad,Civil,2025,71,71,78
9842,Priya Gupta,Hyderabad,Electronics,2025,84,83,84
9843,Meera Iyer,Hyderabad,Information Tech,2024,60,93,87
9844,Ananya Sharma,Mumbai,IT,2023,76,85,85
9845,Ananya Sharma,Pune,Information Tech,2023,81,80,88
9846,Ananya Sharma,Indore,Information Tech,2025,79,80,78
9847,Ravi Patel,Chennai,Civil,2023,77,76,69
9848,Karan Verma,Delhi,Information Tech,2025,62,88,85
9849,Rahul Mehta,Pune,Electronics,2023,64,94,74
9850,Rahul Mehta,Chennai,Computer Science,2025,77,94,66
9851,Vishal Dubey,Indore,Electronics,2023,62,90,70
9852,Karan Verma,Indore,Computer Science,2025,77,84,65
9853,Priya Gupta,Lucknow,Mechanical,2024,73,79,70
9854,Rahul Mehta,Mumbai,IT,2024,82,71,74
9855,Vishal Dubey,Pune,Electrical,2023,83,71,88
9856,Ananya Sharma,Indore,Computer Science,2025,65,75,88
9857,Tanya Jain,Jaipur,Computer Science,2023,65,82,79
9858,Priya Gupta,Chennai,Civil,2025,62,83,82
9859,Ravi Patel,Lucknow,Electrical,2023,86,76,81
9860,Vishal Dubey,Lucknow,Mechanical,2023,85,82,66
9861,Ananya Sharma,Jaipur,Mechanical,2023,64,74,81
9862,Meera Iyer,Delhi,Electrical,2024,83,85,72
9863,Arjun Singh,Chennai,IT,2023,89,72,66
9864,Karan Verma,Bangalore,Information Tech,2024,72,87,86
9865,Priya Gupta,Bangalore,IT,2024,62,95,67
9866,Priya Gupta,Lucknow,IT,2023,76,93,84
9867,Priya Gupta,Indore,Mechanical,2024,84,92,71
9868,Meera Iyer,Hyderabad,Information Tech,2025,81,84,88
9869,Sneha Reddy,Mumbai,Mechanical,2025,86,76,73
9870,Vishal Dubey,Indore,Mechanical,2024,68,78,70
9871,Sneha Reddy,Pune,Electronics,2025,72,85,76
9872,Arjun Singh,Ahmedabad,Electrical,2024,82,83,73
9873,Arjun Singh,Chennai,Electronics,2023,67,77,70
9874,Karan Verma,Bangalore,Electrical,2023,65,80,81
9875,Vishal Dubey,Chennai,Electronics,2025,83,82,77
9876,Ravi Patel,Bangalore,Information Tech,2023,86,91,73
9877,Rahul Mehta,Lucknow,Computer Science,2025,83,72,80
9878,Ananya Sharma,Lucknow,Electrical,2025,64,83,66
9879,Ananya Sharma,Lucknow,Electronics,2025,78,81,77
9880,Priya Gupta,Pune,Electronics,2023,68,79,67
9881,Arjun Singh,Bangalore,Electronics,2025,74,89,79
9882,Rahul Mehta,Jaipur,Electronics,2023,67,83,83
9883,Ananya Sharma,Delhi,Civil,2023,81,80,86
9884,Tanya Jain,Ahmedabad,Civil,2023,75,87,76
9885,Karan Verma,Pune,IT,2025,76,84,77
9886,Meera Iyer,Hyderabad,Electrical,2023,86,84,71
9887,Tanya Jain,Lucknow,Mechanical,2025,65,84,71
9888,Vishal Dubey,Ahmedabad,Mechanical,2025,60,87,78
9889,Rahul Mehta,Bangalore,Information Tech,2023,75,73,78
9890,Ravi Patel,Chennai,Information Tech,2023,75,75,78
9891,Ravi Patel,Lucknow,Computer Science,2025,69,90,84
9892,Ravi Patel,Delhi,Civil,2025,66,74,73
9893,Rahul Mehta,Pune,IT,2023,75,80,84
9894,Tanya Jain,Chennai,Electronics,2025,74,85,70
9895,Sneha Reddy,Hyderabad,Electronics,2024,84,79,89
9896,Arjun Singh,Pune,Information Tech,2025,75,70,68
9897,Sneha Reddy,Indore,Mechanical,2024,88,86,83
9898,Rahul Mehta,Indore,Mechanical,2024,75,84,88
9899,Tanya Jain,Delhi,Computer Science,2023,65,79,68
9900,Karan Verma,Indore,Mechanical,2024,80,71,79
9901,Tanya Jain,Lucknow,Computer Science,2024,90,71,81
9902,Vishal Dubey,Hyderabad,IT,2023,86,87,89
9903,Rahul Mehta,Chennai,IT,2023,85,87,68
9904,Ravi Patel,Delhi,Electronics,2024,75,83,72
9905,Arjun Singh,Jaipur,Mechanical,2025,88,82,85
9906,Meera Iyer,Pune,Electronics,2025,80,82,75
9907,Arjun Singh,Chennai,Electronics,2025,89,83,85
9908,Arjun Singh,Indore,Civil,2025,82,71,80
9909,Meera Iyer,Indore,Electrical,2023,75,72,75
9910,Meera Iyer,Lucknow,Computer Science,2024,68,73,88
9911,Ravi Patel,Mumbai,Electronics,2024,69,73,81
9912,Meera Iyer,Pune,Electrical,2025,76,89,77
9913,Vishal Dubey,Jaipur,Mechanical,2024,78,88,86
9914,Ananya Sharma,Indore,Electronics,2025,62,77,80
9915,Rahul Mehta,Bangalore,Information Tech,2024,66,85,83
9916,Arjun Singh,Chennai,Civil,2025,63,80,82
9917,Vishal Dubey,Jaipur,IT,2025,79,75,89
9918,Karan Verma,Chennai,Information Tech,2025,76,88,82
9919,Meera Iyer,Mumbai,Civil,2023,81,76,70
9920,Priya Gupta,Pune,Civil,2025,66,73,89
9921,Ananya Sharma,Pune,Electrical,2023,79,82,81
9922,Sneha Reddy,Indore,Information Tech,2024,86,85,77
9923,Sneha Reddy,Hyderabad,Civil,2025,71,78,66
9924,Meera Iyer,Hyderabad,Information Tech,2025,83,91,77
9925,Tanya Jain,Indore,IT,2023,61,94,67
9926,Sneha Reddy,Pune,Civil,2023,78,92,66
9927,Sneha Reddy,Delhi,Electronics,2024,88,85,83
9928,Vishal Dubey,Bangalore,IT,2024,83,88,89
9929,Ravi Patel,Chennai,IT,2024,80,77,69
9930,Priya Gupta,Ahmedabad,Computer Science,2023,75,81,77
9931,Arjun Singh,Chennai,Electrical,2023,86,83,75
9932,Rahul Mehta,Hyderabad,Computer Science,2025,68,89,79
9933,Priya Gupta,Indore,Electrical,2023,69,81,89
9934,Sneha Reddy,Lucknow,Civil,2025,77,87,87
9935,Sneha Reddy,Indore,Computer Science,2025,77,90,78
9936,Ravi Patel,Jaipur,Civil,2023,62,72,76
9937,Karan Verma,Jaipur,Information Tech,2025,64,71,73
9938,Tanya Jain,Jaipur,Electrical,2025,72,90,68
9939,Tanya Jain,Hyderabad,Civil,2024,74,72,90
9940,Meera Iyer,Ahmedabad,Electronics,2025,81,82,66
9941,Ananya Sharma,Pune,Electronics,2023,74,92,87
9942,Ananya Sharma,Jaipur,IT,2025,75,77,74
9943,Ananya Sharma,Bangalore,Electrical,2025,90,73,69
9944,Tanya Jain,Indore,IT,2023,81,89,88
9945,Rahul Mehta,Indore,Computer Science,2024,67,86,78
9946,Ananya Sharma,Mumbai,IT,2024,66,76,86
9947,Meera Iyer,Mumbai,Electrical,2024,65,74,87
9948,Arjun Singh,Chennai,Computer Science,2024,65,80,70
9949,Karan Verma,Chennai,Civil,2025,64,81,87
9950,Rahul Mehta,Hyderabad,Electronics,2023,77,82,71
9951,Vishal Dubey,Pune,Information Tech,2023,86,92,82
9952,Sneha Reddy,Hyderabad,Computer Science,2025,78,86,71
9953,Ananya Sharma,Hyderabad,Electronics,2025,89,72,79
9954,Ravi Patel,Delhi,Electronics,2025,64,75,79
9955,Ananya Sharma,Bangalore,Mechanical,2025,74,77,83
9956,Ananya Sharma,Delhi,IT,2025,84,79,84
9957,Karan Verma,Mumbai,Information Tech,2024,64,92,79
9958,Meera Iyer,Mumbai,Civil,2023,85,94,68
9959,Rahul Mehta,Chennai,Electronics,2024,64,82,73
9960,Arjun Singh,Chennai,Electronics,2024,60,80,81
9961,Priya Gupta,Delhi,IT,2025,88,82,72
9962,Sneha Reddy,Lucknow,IT,2025,78,80,79
9963,Vishal Dubey,Mumbai,IT,2024,89,91,84
9964,Ravi Patel,Hyderabad,Computer Science,2023,87,94,72
9965,Arjun Singh,Indore,IT,2023,62,87,87
9966,Arjun Singh,Delhi,Electronics,2023,87,87,72
9967,Rahul Mehta,Ahmedabad,IT,2024,63,88,89
9968,Tanya Jain,Ahmedabad,IT,2024,60,84,75
9969,Sneha Reddy,Pune,IT,2024,83,72,69
9970,Tanya Jain,Chennai,Computer Science,2024,85,72,80
9971,Ananya Sharma,Bangalore,Computer Science,2023,86,89,81
9972,Vishal Dubey,Indore,Information Tech,2024,82,94,79
9973,Rahul Mehta,Hyderabad,Civil,2023,61,83,84
9974,Vishal Dubey,Mumbai,IT,2024,84,79,75
9975,Ananya Sharma,Delhi,Information Tech,2025,71,86,74
9976,Meera Iyer,Indore,IT,2023,77,76,67
9977,Arjun Singh,Lucknow,Information Tech,2023,67,83,79
9978,Sneha Reddy,Indore,Computer Science,2025,61,71,75
9979,Sneha Reddy,Mumbai,Electrical,2024,74,87,84
9980,Tanya Jain,Pune,Information Tech,2024,75,87,70
9981,Karan Verma,Jaipur,Information Tech,2024,65,71,70
9982,Tanya Jain,Mumbai,Computer Science,2023,79,81,84
9983,Tanya Jain,Jaipur,Mechanical,2023,69,89,88
9984,Vishal Dubey,Ahmedabad,Mechanical,2025,75,75,70
9985,Tanya Jain,Hyderabad,Information Tech,2024,71,70,72
9986,Meera Iyer,Delhi,Mechanical,2024,61,76,69
9987,Rahul Mehta,Hyderabad,Computer Science,2024,71,94,79
9988,Vishal Dubey,Bangalore,Mechanical,2023,84,71,82
9989,Tanya Jain,Pune,Computer Science,2025,79,79,84
9990,Ananya Sharma,Hyderabad,Civil,2023,78,73,71
9991,Priya Gupta,Lucknow,Information Tech,2023,87,91,87
9992,Ananya Sharma,Mumbai,Computer Science,2025,70,83,69
9993,Tanya Jain,Lucknow,Information Tech,2023,88,85,77
9994,Priya Gupta,Delhi,IT,2023,63,93,80
9995,Sneha Reddy,Hyderabad,Mechanical,2024,62,88,87
9996,Ananya Sharma,Hyderabad,Information Tech,2024,73,81,69
9997,Ravi Patel,Indore,Mechanical,2024,64,75,73
9998,Vishal Dubey,Pune,Electronics,2023,66,90,81
9999,Vishal Dubey,Ahmedabad,Civil,2025,64,77,81
10000,Ananya Sharma,Hyderabad,IT,2024,73,91,82
